Environment:
	Python: 3.8.11
	PyTorch: 1.9.0+cu102
	Torchvision: 0.10.0+cu102
	CUDA: 10.2
	CUDNN: 7605
	NumPy: 1.21.1
	PIL: 9.1.0
Args:
	algorithm: Clip_train_prompt_from_image_v2
	checkpoint_freq: None
	data_dir: /nfs/users/ext_group8/Dataset/224_data/
	dataset: DR
	holdout_fraction: 0.2
	hparams: {"weight_init":"clip_full","backbone":"ClipBase","lr":0.000005}
	hparams_seed: 0
	output_dir: ./domainbed/Outputs/V23_CLIP_COOP_3_LAYERS_MLP/2207d635b59648409d4f0b55fcf62099
	save_best_model: True
	save_model_every_checkpoint: False
	seed: 1169358575
	skip_model_save: False
	steps: None
	task: domain_generalization
	test_envs: [1]
	trial_seed: 0
	uda_holdout_fraction: 0
HParams:
	backbone: ClipBase
	batch_size: 32
	class_balanced: False
	data_augmentation: True
	lr: 5e-06
	nonlinear_classifier: False
	resnet18: False
	resnet_dropout: 0.0
	test_env: [1]
	weight_decay: 0.0
	weight_init: clip_full
device: cuda
1
True ****************************************************************************************************
transformer_width: 512 ;transformer_layers: 12 ;transformer_heads: 8
env0_in_acc   env0_in_f1m   env0_in_f1w   env0_out_acc  env0_out_f1m  env0_out_f1w  env1_in_acc   env1_in_f1m   env1_in_f1w   env1_out_acc  env1_out_f1m  env1_out_f1w  env2_in_acc   env2_in_f1m   env2_in_f1w   env2_out_acc  env2_out_f1m  env2_out_f1w  env3_in_acc   env3_in_f1m   env3_in_f1w   env3_out_acc  env3_out_f1m  env3_out_f1w  epoch         loss          mem_gb        step          step_time    
0.1829351536  0.1062605068  0.1839334907  0.1557377049  0.0940675012  0.1782128049  0.0429525662  0.0243168715  0.0489706447  0.0424464487  0.0230287714  0.0488997615  0.3500000000  0.1361192798  0.2776221431  0.3666666667  0.1343018563  0.2971818671  0.3882521490  0.1389848984  0.3516963071  0.4224137931  0.1478105259  0.3999728639  0.0000000000  11.400100708  22.054702758  0             2.7688579559 
0.7791808874  0.5568107730  0.7673432593  0.7418032787  0.5141696323  0.7429872027  0.7343648713  0.2637103907  0.6478904598  0.7361330327  0.2719607555  0.6505846932  0.4656250000  0.3624556893  0.4991597737  0.3875000000  0.2912358964  0.4463602449  0.5945558739  0.4965258220  0.6042082997  0.6149425287  0.4625647430  0.6296799916  6.6666666667  8.4318463063  23.261893272  200           1.2089592922 
0.7139931741  0.5118711353  0.7154237120  0.6871584699  0.4789145407  0.7013179500  0.6209520588  0.2589992271  0.6128392030  0.6220969560  0.2634176376  0.6155577952  0.4552083333  0.3781491625  0.4758366030  0.3416666667  0.2984545780  0.3876257337  0.5630372493  0.4668194329  0.5873950564  0.5172413793  0.4235208966  0.5551017925  13.333333333  8.0791632104  23.261893272  400           1.1961947596 
0.8170648464  0.6274789526  0.8086233117  0.7786885246  0.5608085949  0.7815562180  0.7162847721  0.3029992417  0.6675050803  0.7178692221  0.3088595083  0.6685195118  0.6208333333  0.4666251621  0.6341875976  0.5833333333  0.3891545522  0.5939137194  0.6654727794  0.5362396151  0.6559801412  0.6379310345  0.4653114122  0.6253812365  20.000000000  7.9881077480  23.261893272  600           1.1897942746 
0.8447098976  0.7033015343  0.8426380817  0.8046448087  0.6040825897  0.8023566416  0.6277585186  0.3122978902  0.6298063657  0.6285794814  0.3086602186  0.6301522740  0.6854166667  0.5038779903  0.6871301953  0.6041666667  0.4176804630  0.6141051146  0.6826647564  0.5735382690  0.6750822749  0.6178160920  0.4097765994  0.6046863016  26.666666666  7.8616449666  23.261893272  800           1.1891782689 
0.8703071672  0.7643041945  0.8697711623  0.8060109290  0.6344527240  0.8079110041  0.5963614329  0.3184036658  0.6172659967  0.5987034949  0.3253593309  0.6199991011  0.6177083333  0.4897884937  0.6411259827  0.4958333333  0.3747252834  0.5419952737  0.7055873926  0.6424401127  0.7191291079  0.6206896552  0.5475221071  0.6486227200  33.333333333  7.7403613400  23.261893272  1000          1.1898480129 
0.8563139932  0.7059805226  0.8511793118  0.7718579235  0.5771229484  0.7800814784  0.6413432541  0.3091639365  0.6370043103  0.6451521984  0.3119582476  0.6397847885  0.7000000000  0.5402334002  0.7202476934  0.5500000000  0.3922112561  0.5740500437  0.7757879656  0.7032539682  0.7754472654  0.6896551724  0.5260466046  0.6942789049  40.000000000  7.6385028625  23.261893272  1200          1.1909208715 
0.8894197952  0.8165987013  0.8909549703  0.7841530055  0.6143639669  0.7916493491  0.5424734365  0.3126669966  0.5843423717  0.5475760992  0.3232744275  0.5890944194  0.7802083333  0.6047100509  0.7880190641  0.6208333333  0.4465771724  0.6420535625  0.7607449857  0.6618570806  0.7691288205  0.6494252874  0.4352367813  0.6585557019  46.666666666  7.5096440148  23.261893272  1400          1.1902261913 
0.8911262799  0.8115420227  0.8924470690  0.7882513661  0.6122019626  0.7945792029  0.5519151095  0.3216874512  0.5869071928  0.5575535513  0.3358047242  0.5927598813  0.7666666667  0.6005768019  0.7808114587  0.5291666667  0.4134349142  0.5675452025  0.7628939828  0.6828075441  0.7779547189  0.5977011494  0.4206439953  0.6176304566  53.333333333  7.4093722153  23.261893272  1600          1.1906656063 
0.8890784983  0.8163130104  0.8914918119  0.7718579235  0.5919987890  0.7814550445  0.4297229503  0.2945530684  0.4989086134  0.4369222097  0.3029235376  0.5061630896  0.7625000000  0.5997204365  0.7713864687  0.5250000000  0.3990476499  0.5471159310  0.7170487106  0.6373667859  0.7430073078  0.5862068966  0.4339599351  0.6166702712  60.000000000  7.3395100570  23.261893272  1800          1.1906345654 
0.9064846416  0.8339649235  0.9066303733  0.7978142077  0.6033548472  0.7988208847  0.5316366506  0.3100616968  0.5746360437  0.5385005637  0.3250056758  0.5812630449  0.8260416667  0.6498309398  0.8400586590  0.6208333333  0.4449812173  0.6390306278  0.8101719198  0.7437250983  0.8186811109  0.6408045977  0.4483483289  0.6563980044  66.666666666  7.2866680980  23.261893272  2000          1.1906893504 
0.9238907850  0.8485085829  0.9227274801  0.8019125683  0.6141792507  0.8055417541  0.6190496322  0.3254503273  0.6229441263  0.6212514092  0.3386875089  0.6263876182  0.8666666667  0.6736072786  0.8703779708  0.6458333333  0.4441298117  0.6479863776  0.8244985673  0.7527278972  0.8306672229  0.7040229885  0.4577042529  0.6898057393  73.333333333  7.2095811248  23.261893272  2200          1.1902498174 
0.9249146758  0.8694444113  0.9265383235  0.7595628415  0.5960902554  0.7695215211  0.6575913869  0.3137427821  0.6365030699  0.6596956032  0.3271220244  0.6396699952  0.8677083333  0.6772846553  0.8728964873  0.6416666667  0.4543042189  0.6564084770  0.8488538682  0.7748315288  0.8530379173  0.7068965517  0.4791545164  0.6953629814  80.000000000  7.1592082453  23.261893272  2400          1.1897843134 
0.8860068259  0.8180024726  0.8919120965  0.7281420765  0.5685427562  0.7517931965  0.6237000085  0.3192197714  0.6294809460  0.6298759865  0.3353648020  0.6359645430  0.8510416667  0.6685552202  0.8631127331  0.6208333333  0.4568729661  0.6466476091  0.8474212034  0.7779687242  0.8558432891  0.6954022989  0.4799605389  0.6985564638  86.666666666  7.1251711869  23.261893272  2600          1.2078750467 
0.9385665529  0.8881694823  0.9382727023  0.8183060109  0.6415037090  0.8144690220  0.6528846425  0.2994730141  0.6296330746  0.6574408117  0.3095863709  0.6349707585  0.8520833333  0.6609549675  0.8588843235  0.6166666667  0.4301991917  0.6334577291  0.8488538682  0.7508417951  0.8502901374  0.7183908046  0.4903218391  0.7000975934  93.333333333  7.0941322660  23.261893272  2800          1.2076292169 
0.9518771331  0.9133051807  0.9525524768  0.7937158470  0.6441907074  0.8007547905  0.5869620360  0.3075114391  0.5998976398  0.5913754228  0.3148568852  0.6055238415  0.8635416667  0.6811396738  0.8729003693  0.6166666667  0.4554576095  0.6502368284  0.8732091691  0.8024948803  0.8797035295  0.7040229885  0.5111920178  0.7082759621  100.00000000  7.0836828899  23.261893272  3000          1.2070435262 
0.9354948805  0.8889831441  0.9357755611  0.7827868852  0.6160434647  0.7930358738  0.5991516586  0.3067762997  0.6150264993  0.6026493799  0.3196119062  0.6194908715  0.8885416667  0.7048857380  0.8964620616  0.6458333333  0.4697218766  0.6702541252  0.8703438395  0.8121728320  0.8765022390  0.7241379310  0.5004133324  0.7170487108  106.66666666  7.0377573347  23.261893272  3200          1.2083465600 
0.9511945392  0.9167941834  0.9514169929  0.7827868852  0.6128622968  0.7890315035  0.6513767932  0.3236434054  0.6393949570  0.6543404735  0.3365977972  0.6429565711  0.8927083333  0.7055410141  0.9016950026  0.6333333333  0.4519034473  0.6518413989  0.8696275072  0.7991311795  0.8769957187  0.7068965517  0.4797340754  0.7023785533  113.33333333  7.0123606586  23.261893272  3400          1.2073591602 
0.9382252560  0.8922382889  0.9389514093  0.7841530055  0.6059610930  0.7924172676  0.6074941518  0.3008756629  0.6148128185  0.6158399098  0.3177833763  0.6237186195  0.8760416667  0.6922866339  0.8862893199  0.6500000000  0.4691195575  0.6728849658  0.8932664756  0.8457627834  0.8972764840  0.7241379310  0.4951097413  0.7195705471  120.00000000  7.0105117750  23.261893272  3600          1.2092995715 
0.9539249147  0.9279244435  0.9550805656  0.8060109290  0.6348163445  0.8083866974  0.5640483639  0.3170592675  0.5925723854  0.5675873732  0.3272351728  0.5972931941  0.8979166667  0.7064899380  0.9032301502  0.6041666667  0.4439759984  0.6352247419  0.8689111748  0.7714736233  0.8776703562  0.7068965517  0.4750174616  0.7057953087  126.66666666  6.9919283223  23.261893272  3800          1.2081678581 
0.9610921502  0.9181653179  0.9607189223  0.8046448087  0.5980842737  0.8019691185  0.6028296835  0.3097958383  0.6126005259  0.6069898534  0.3288145536  0.6177978263  0.9093750000  0.7201299961  0.9173579983  0.6500000000  0.4737274558  0.6692428079  0.8868194842  0.8247946660  0.8926864516  0.7040229885  0.4724116424  0.6968754232  133.33333333  6.9755793405  23.261893272  4000          1.2074722743 
0.9668941980  0.9373755097  0.9675753180  0.7800546448  0.6207288125  0.7889881347  0.6103548378  0.3252419588  0.6202963296  0.6156144307  0.3326404308  0.6264444306  0.9020833333  0.7107900486  0.9097277167  0.6583333333  0.4848548549  0.6815705289  0.8846704871  0.8191255736  0.8897962043  0.7298850575  0.4990062073  0.7239883696  140.00000000  6.9534465194  23.261893272  4200          1.2085883129 
0.9703071672  0.9487295221  0.9704561904  0.8032786885  0.6455157559  0.8088841986  0.6540401905  0.3249440516  0.6381749771  0.6574408117  0.3420717760  0.6436857001  0.9093750000  0.7208087531  0.9144495833  0.6875000000  0.5012955780  0.7009233517  0.8638968481  0.7848821332  0.8783919256  0.7011494253  0.4892422328  0.6946117435  146.66666666  6.9550684142  23.261893272  4400          1.2076268685 
0.9733788396  0.9484583079  0.9734281988  0.8101092896  0.6186657190  0.8097863328  0.6645387672  0.3131982728  0.6429272327  0.6682074408  0.3199948149  0.6477833666  0.8864583333  0.6960226305  0.8940586210  0.6500000000  0.4564617034  0.6641013347  0.8717765043  0.7943274333  0.8780968621  0.7327586207  0.5128556589  0.7194046252  153.33333333  6.9506705117  23.261893272  4600          1.1996221411 
0.9733788396  0.9521740538  0.9735313242  0.7909836066  0.5954369267  0.7931148794  0.7066317184  0.3050600298  0.6578787582  0.7156144307  0.3177550512  0.6662972516  0.8927083333  0.7024663198  0.9005620601  0.6666666667  0.4744943945  0.6755506531  0.9018624642  0.8309924688  0.9067191966  0.7356321839  0.5227815228  0.7257360800  160.00000000  6.9268836045  23.261893272  4800          1.2080026245 
0.9740614334  0.9559452242  0.9741749059  0.8155737705  0.6420957959  0.8139409212  0.5895972492  0.3131616124  0.6086148088  0.5958850056  0.3270554326  0.6155670347  0.9166666667  0.7267156228  0.9245615000  0.6458333333  0.4622871741  0.6637092692  0.8782234957  0.8131433392  0.8850236243  0.7270114943  0.5060177851  0.7225447457  166.66666666  6.9216206360  23.261893272  5000          1.2063638222 
