Environment:
	Python: 3.8.11
	PyTorch: 1.9.0+cu102
	Torchvision: 0.10.0+cu102
	CUDA: 10.2
	CUDNN: 7605
	NumPy: 1.21.1
	PIL: 9.1.0
Args:
	algorithm: Clip_train_prompt_from_image_v2
	checkpoint_freq: None
	data_dir: /nfs/users/ext_group8/Dataset/224_data/
	dataset: DR
	holdout_fraction: 0.2
	hparams: {"weight_init":"clip_full","backbone":"ClipBase","lr":0.000005}
	hparams_seed: 0
	output_dir: ./domainbed/Outputs/V23_CLIP_COOP_3_LAYERS_MLP/7fc5c71b2322e0bfff73f75b6bf7aa46
	save_best_model: True
	save_model_every_checkpoint: False
	seed: 1283554980
	skip_model_save: False
	steps: None
	task: domain_generalization
	test_envs: [3]
	trial_seed: 2
	uda_holdout_fraction: 0
HParams:
	backbone: ClipBase
	batch_size: 32
	class_balanced: False
	data_augmentation: True
	lr: 5e-06
	nonlinear_classifier: False
	resnet18: False
	resnet_dropout: 0.0
	test_env: [3]
	weight_decay: 0.0
	weight_init: clip_full
device: cuda
3
True ****************************************************************************************************
transformer_width: 512 ;transformer_layers: 12 ;transformer_heads: 8
env0_in_acc   env0_in_f1m   env0_in_f1w   env0_out_acc  env0_out_f1m  env0_out_f1w  env1_in_acc   env1_in_f1m   env1_in_f1w   env1_out_acc  env1_out_f1m  env1_out_f1w  env2_in_acc   env2_in_f1m   env2_in_f1w   env2_out_acc  env2_out_f1m  env2_out_f1w  env3_in_acc   env3_in_f1m   env3_in_f1w   env3_out_acc  env3_out_f1m  env3_out_f1w  epoch         loss          mem_gb        step          step_time    
0.1883959044  0.1093747536  0.1891270270  0.1857923497  0.1072020169  0.1891957043  0.2994419548  0.1142202624  0.3763426488  0.3054114994  0.1150514348  0.3825007853  0.3479166667  0.1295730518  0.2682726891  0.3750000000  0.1393946731  0.3132188257  0.2148997135  0.0950202253  0.2420820704  0.2126436782  0.1041259721  0.2219706100  0.0000000000  11.473085403  22.054702758  0             3.1887454987 
0.7191126280  0.5772581499  0.7333998079  0.6926229508  0.5398420552  0.7097742121  0.5652461881  0.3313092793  0.6042080314  0.5569334837  0.3241821442  0.5974686761  0.4062500000  0.3153136380  0.4003119511  0.4208333333  0.3223485565  0.4290930301  0.3373925501  0.2956072299  0.3570867168  0.2931034483  0.2670416713  0.3002990790  6.6666666667  8.4584540939  23.261893272  200           1.2204250336 
0.7750853242  0.5883368633  0.7733760929  0.7336065574  0.5422563588  0.7323018162  0.7112257264  0.3191116309  0.6777646151  0.7073844419  0.3177950751  0.6739195486  0.4802083333  0.3432804895  0.4669816949  0.3833333333  0.2783447735  0.3903556121  0.4828080229  0.3949579887  0.5109053922  0.4310344828  0.3781164773  0.4646141591  13.333333333  8.1861040831  23.261893272  400           1.2055310881 
0.8051194539  0.6670229395  0.8103613100  0.7800546448  0.6401248181  0.7869850194  0.6969082044  0.3349516182  0.6755151130  0.6948139797  0.3289090488  0.6739083483  0.5208333333  0.3354740544  0.4860661204  0.4041666667  0.2401195805  0.3945576037  0.5358166189  0.3809735739  0.5522681188  0.4913793103  0.3792087447  0.5243082805  20.000000000  8.0830549908  23.261893272  600           1.2047809505 
0.8218430034  0.7127648280  0.8279317817  0.7841530055  0.6563664563  0.7937662527  0.6123981849  0.3637198942  0.6340565274  0.6060315671  0.3577488749  0.6289189807  0.5541666667  0.4160047785  0.5456732329  0.4166666667  0.3041472226  0.4234764071  0.4541547278  0.3747639902  0.4877710452  0.4252873563  0.3868092236  0.4638919443  26.666666666  7.9984570241  23.261893272  800           1.2052269936 
0.7849829352  0.6804982648  0.7911215969  0.7308743169  0.5678281402  0.7401980745  0.7316732899  0.3587193405  0.6977208743  0.7231116122  0.3493115946  0.6900709799  0.5531250000  0.4425799811  0.5852693246  0.3708333333  0.3096553447  0.4095301920  0.5687679083  0.4733598227  0.5913900795  0.5948275862  0.4967786754  0.6140648747  33.333333333  7.9185453415  23.261893272  1000          1.2042400873 
0.8075085324  0.6679704566  0.8059931291  0.7226775956  0.5304855004  0.7166009515  0.7534173219  0.3604693752  0.6935998596  0.7513528749  0.3598929670  0.6918135690  0.6416666667  0.4718459706  0.6388361399  0.4416666667  0.3187196843  0.4439357875  0.6511461318  0.4642993501  0.6443525910  0.6120689655  0.4620487266  0.6170481062  40.000000000  7.8432094932  23.261893272  1200          1.2045223880 
0.8709897611  0.7308959142  0.8663130877  0.8005464481  0.5911331549  0.7878089751  0.7457230630  0.3764161262  0.7086377763  0.7400225479  0.3720138847  0.7037485844  0.7989583333  0.6105323800  0.8001782764  0.5666666667  0.3808592404  0.5644086982  0.7020057307  0.5204444632  0.6891337861  0.6724137931  0.5092306349  0.6640592984  46.666666666  7.7714473104  23.261893272  1400          1.2050209987 
0.9013651877  0.8320760314  0.9016492708  0.8087431694  0.6484723755  0.8063138851  0.7299258758  0.3715673724  0.6968169128  0.7244081172  0.3671796161  0.6924741954  0.7656250000  0.6022519839  0.7703269478  0.4250000000  0.3217669675  0.4502672850  0.6475644699  0.4794429926  0.6546459872  0.6091954023  0.4665857888  0.6184004152  53.333333333  7.6849203205  23.261893272  1600          1.2042579913 
0.8723549488  0.7735523684  0.8736869290  0.7814207650  0.6286947020  0.7826956123  0.7080268313  0.4039316291  0.6992045914  0.7018602029  0.3942002758  0.6935257856  0.7416666667  0.5967378280  0.7633694280  0.3625000000  0.3133547802  0.3982693270  0.6239255014  0.4988802630  0.6391880647  0.6005747126  0.4872764169  0.6200660011  60.000000000  7.6382373595  23.261893272  1800          1.2048946083 
0.8979522184  0.8215035419  0.8999884658  0.8046448087  0.6675585506  0.8065744225  0.7546715143  0.3729059026  0.7134312144  0.7463923337  0.3642234741  0.7054789053  0.8229166667  0.6379535050  0.8318033815  0.4291666667  0.3364849358  0.4619080702  0.6869627507  0.5136333545  0.6842941993  0.6839080460  0.5548252773  0.6848839718  66.666666666  7.5670705462  23.261893272  2000          1.2043500018 
0.9078498294  0.8391932110  0.9086172194  0.7896174863  0.6416919625  0.7903584066  0.7275865956  0.3789710582  0.7024499636  0.7210259301  0.3770922515  0.6973471918  0.9145833333  0.7228803232  0.9147056102  0.5500000000  0.3853108583  0.5559510552  0.7141833811  0.5134749650  0.6992658307  0.6781609195  0.4994444259  0.6615841970  73.333333333  7.5145772934  23.261893272  2200          1.2056201828 
0.9368600683  0.8802637993  0.9360141720  0.8196721311  0.6646931458  0.8160680220  0.7530086525  0.4031705322  0.7113525529  0.7468996618  0.3899148171  0.7058450455  0.8927083333  0.7044330316  0.8911641982  0.5791666667  0.4013704710  0.5791254453  0.7170487106  0.5121720048  0.6983200100  0.7068965517  0.5096971006  0.6857918923  80.000000000  7.4830158210  23.261893272  2400          1.2200583827 
0.9204778157  0.8618688610  0.9223431148  0.7950819672  0.6439447711  0.7971684114  0.7314055410  0.3992273398  0.7076491263  0.7233370913  0.3985777462  0.7015900111  0.9104166667  0.7188558990  0.9115613026  0.4625000000  0.3352326154  0.4781343985  0.6747851003  0.5013675359  0.6757692860  0.6522988506  0.4869021012  0.6526447809  86.666666666  7.4578499079  23.261893272  2600          1.2219074416 
0.9488054608  0.9078806204  0.9487782332  0.8210382514  0.6806251797  0.8194036947  0.7488796821  0.4192019620  0.7153607566  0.7400789177  0.4081458501  0.7078893896  0.9250000000  0.7353647468  0.9254811093  0.5500000000  0.3808011618  0.5491060049  0.6876790831  0.5114222983  0.6863124875  0.6580459770  0.4857196430  0.6552180707  93.333333333  7.4117505026  23.261893272  2800          1.2237496972 
0.9494880546  0.9165670119  0.9500342631  0.8196721311  0.6865766348  0.8227845755  0.7027704969  0.3856799712  0.6909027998  0.6956031567  0.3775688266  0.6842631770  0.9239583333  0.7335585382  0.9246089596  0.5166666667  0.3676665956  0.5329498093  0.6984240688  0.5016042515  0.6935303332  0.6695402299  0.4837668771  0.6651129177  100.00000000  7.3823448586  23.261893272  3000          1.2221364045 
0.9583617747  0.9260439556  0.9581844911  0.8292349727  0.6834428543  0.8263234541  0.6987401708  0.4311045374  0.6947579433  0.6928410372  0.4231416296  0.6904138468  0.9510416667  0.7571426133  0.9512928530  0.5291666667  0.3648592617  0.5319950913  0.6661891117  0.5059232662  0.6685495520  0.6321839080  0.4845989891  0.6403879631  106.66666666  7.3680023527  23.261893272  3200          1.2229422069 
0.9511945392  0.9035413300  0.9508536299  0.8087431694  0.6397073612  0.8041691074  0.7379301598  0.4355666862  0.7194125672  0.7281848929  0.4223226742  0.7105721610  0.9520833333  0.7584504220  0.9519518273  0.5458333333  0.3411396079  0.5278166472  0.6934097421  0.4963819022  0.6846824645  0.6752873563  0.4955693912  0.6638458283  113.33333333  7.3500251675  23.261893272  3400          1.2201770258 
0.9559726962  0.9215338686  0.9568007693  0.8087431694  0.6377308201  0.8062779237  0.6663707336  0.4419168596  0.6851900300  0.6574971815  0.4290943634  0.6776358014  0.9500000000  0.7565574635  0.9500913235  0.4958333333  0.3429885412  0.5058082568  0.6840974212  0.5043277139  0.6822949371  0.6436781609  0.4694867915  0.6428180193  120.00000000  7.3495070267  23.261893272  3600          1.2219763792 
0.9587030717  0.9271257927  0.9592705087  0.8046448087  0.6467565816  0.8038394351  0.7584059074  0.4093285559  0.7189059369  0.7525366404  0.3997378287  0.7125556322  0.9489583333  0.7532441652  0.9494848982  0.5458333333  0.4040221721  0.5590407770  0.7220630372  0.5296036941  0.7120956864  0.6839080460  0.4958101274  0.6702346365  126.66666666  7.3228319883  23.261893272  3800          1.2232298148 
0.9709897611  0.9475437222  0.9709754555  0.8292349727  0.6841641761  0.8265703242  0.6632563907  0.4131462075  0.6801772727  0.6528748591  0.4007875521  0.6702892060  0.9656250000  0.7694446574  0.9657733768  0.5250000000  0.3581127852  0.5273804938  0.6891117479  0.5145941571  0.6840606413  0.6551724138  0.4904884743  0.6489593838  133.33333333  7.3182015133  23.261893272  4000          1.2251783645 
0.9757679181  0.9577091188  0.9759254602  0.8278688525  0.6950893371  0.8274183697  0.7066880866  0.4653720937  0.7108251056  0.6962795941  0.4550063700  0.7009217795  0.9489583333  0.7526073929  0.9498552757  0.5333333333  0.3849272590  0.5518361390  0.6840974212  0.5149473378  0.6814779213  0.6580459770  0.5051272731  0.6556148754  140.00000000  7.3100317550  23.261893272  4200          1.2219377506 
0.9587030717  0.9320384509  0.9593979661  0.8183060109  0.6782879106  0.8202616620  0.7012344635  0.4146709110  0.7006433050  0.6890642616  0.4012825307  0.6900031146  0.9593750000  0.7641161527  0.9593484809  0.5291666667  0.3367253980  0.5086791062  0.6855300860  0.5031045008  0.6791797477  0.6666666667  0.4917035607  0.6590449565  146.66666666  7.3107257414  23.261893272  4400          1.2225328898 
0.9505119454  0.9179321541  0.9518048814  0.8019125683  0.6565425927  0.8059347177  0.7414108960  0.3914571763  0.7117673719  0.7314543405  0.3701602018  0.7018127574  0.9458333333  0.7518743690  0.9465401416  0.5041666667  0.3570415603  0.5162096701  0.6998567335  0.5181595966  0.6938785270  0.6867816092  0.4987631814  0.6787463332  153.33333333  7.2869822550  23.261893272  4600          1.2212702215 
0.9279863481  0.8781462301  0.9296489650  0.7950819672  0.6604229973  0.8031569788  0.7021927229  0.3793141967  0.6941378589  0.6912626832  0.3649575065  0.6837395777  0.9552083333  0.7585627493  0.9548659465  0.5458333333  0.3643152858  0.5377206817  0.6998567335  0.4997780043  0.6947302434  0.6666666667  0.4702998684  0.6563236465  160.00000000  7.2862693238  23.261893272  4800          1.2225931120 
0.9631399317  0.9348578540  0.9635843109  0.8196721311  0.6626836230  0.8178311319  0.7042501621  0.4579483156  0.7066904036  0.6988726043  0.4493076861  0.7014191581  0.9718750000  0.7762278772  0.9719565516  0.5375000000  0.3729564553  0.5376347509  0.7113180516  0.5297712937  0.7007267947  0.6982758621  0.5227176980  0.6877840546  166.66666666  7.2767172241  23.261893272  5000          1.2357357597 
