Environment:
	Python: 3.8.11
	PyTorch: 1.9.0+cu102
	Torchvision: 0.10.0+cu102
	CUDA: 10.2
	CUDNN: 7605
	NumPy: 1.21.1
	PIL: 9.1.0
Args:
	algorithm: Clip_train_prompt_from_image_v2
	checkpoint_freq: None
	data_dir: /nfs/users/ext_group8/Dataset/224_data/
	dataset: DR
	holdout_fraction: 0.2
	hparams: {"weight_init":"clip_full","backbone":"ClipBase","lr":0.000005}
	hparams_seed: 0
	output_dir: ./domainbed/Outputs/V23_CLIP_COOP_3_LAYERS_MLP/2cd57802ec0410f1d6fb204b8f898e43
	save_best_model: True
	save_model_every_checkpoint: False
	seed: 145992664
	skip_model_save: False
	steps: None
	task: domain_generalization
	test_envs: [0]
	trial_seed: 1
	uda_holdout_fraction: 0
HParams:
	backbone: ClipBase
	batch_size: 32
	class_balanced: False
	data_augmentation: True
	lr: 5e-06
	nonlinear_classifier: False
	resnet18: False
	resnet_dropout: 0.0
	test_env: [0]
	weight_decay: 0.0
	weight_init: clip_full
device: cuda
0
True ****************************************************************************************************
transformer_width: 512 ;transformer_layers: 12 ;transformer_heads: 8
env0_in_acc   env0_in_f1m   env0_in_f1w   env0_out_acc  env0_out_f1m  env0_out_f1w  env1_in_acc   env1_in_f1m   env1_in_f1w   env1_out_acc  env1_out_f1m  env1_out_f1w  env2_in_acc   env2_in_f1m   env2_in_f1w   env2_out_acc  env2_out_f1m  env2_out_f1w  env3_in_acc   env3_in_f1m   env3_in_f1w   env3_out_acc  env3_out_f1m  env3_out_f1w  epoch         loss          mem_gb        step          step_time    
0.0771331058  0.0286438530  0.0110469467  0.0942622951  0.0344569288  0.0162399460  0.0222090696  0.0095454223  0.0021606629  0.0210259301  0.0097045858  0.0019494395  0.0000000000  0.0000000000  0.0000000000  0.0000000000  0.0000000000  0.0000000000  0.0157593123  0.0062059238  0.0004890055  0.0373563218  0.0144044321  0.0026904830  0.0000000000  9.6476860046  22.054702758  0             2.5229461193 
0.3146757679  0.2472945309  0.3686914922  0.3292349727  0.2590598568  0.3801109181  0.7182435670  0.2653758539  0.6631263386  0.7229988726  0.2646523519  0.6672795282  0.4875000000  0.3852346520  0.5179114811  0.4583333333  0.3346316979  0.4993148224  0.5780802292  0.4281006311  0.5808187995  0.5373563218  0.3642385017  0.5418550057  6.6666666667  8.7883223248  23.261893272  200           1.2192355585 
0.3525597270  0.2928554320  0.4148402478  0.3606557377  0.3109105449  0.4221222529  0.6951466982  0.2526809686  0.6572325154  0.6984216460  0.2531224842  0.6601902294  0.5708333333  0.4251432910  0.5945668883  0.4916666667  0.3456532018  0.5274588430  0.6282234957  0.4802175617  0.6190274178  0.6005747126  0.4328705895  0.6042324663  13.333333333  8.5425006485  23.261893272  400           1.2172913122 
0.2324232082  0.2313808863  0.2757082953  0.2390710383  0.2432407256  0.2821072916  0.6692314196  0.2692550468  0.6531219789  0.6755355130  0.2696956986  0.6591225423  0.6322916667  0.4817405523  0.6511972378  0.5041666667  0.3410747275  0.5301032595  0.6683381089  0.5070135392  0.6635477309  0.6436781609  0.4693123151  0.6305505083  20.000000000  8.4557540131  23.261893272  600           1.2181226039 
0.4071672355  0.3245060282  0.4577943573  0.4193989071  0.3390521782  0.4716113701  0.7294608382  0.2993990154  0.6859180098  0.7350620068  0.3044642348  0.6909908862  0.7093750000  0.5293595367  0.7166890705  0.5625000000  0.3937971106  0.5753083479  0.7256446991  0.6065386069  0.7148737856  0.6436781609  0.4508793974  0.6273242165  26.666666666  8.3506982589  23.261893272  800           1.2161694121 
0.4266211604  0.3196700730  0.4647466033  0.4371584699  0.3268262266  0.4779545078  0.6722893943  0.3116897295  0.6649286212  0.6743517475  0.3058606444  0.6664980695  0.7291666667  0.5395266003  0.7279469167  0.5666666667  0.3937597213  0.5804655577  0.7020057307  0.5594852046  0.6954571532  0.6436781609  0.4437613044  0.6321322998  33.333333333  8.2568524265  23.261893272  1000          1.2227065647 
0.2477815700  0.2445219213  0.3034835883  0.2759562842  0.2645382759  0.3350875471  0.5850032412  0.3185404880  0.6164110785  0.5906989853  0.3216297204  0.6211923340  0.6760416667  0.5354713476  0.6988260554  0.4750000000  0.3712178219  0.5142059989  0.6697707736  0.5953827510  0.6886802674  0.5201149425  0.4203437403  0.5440605823  40.000000000  8.1449984360  23.261893272  1200          1.2221012926 
0.4153583618  0.2962162835  0.4538417167  0.4398907104  0.3269210466  0.4751848244  0.6250810293  0.2813655856  0.6361084644  0.6330890643  0.2902627797  0.6424507506  0.7833333333  0.6056166040  0.7894374840  0.5750000000  0.4063070136  0.5923586697  0.7406876791  0.6009469487  0.7494466204  0.6522988506  0.4657329487  0.6547877788  46.666666666  8.0723952365  23.261893272  1400          1.2201484811 
0.3208191126  0.2477165559  0.3751473754  0.3278688525  0.2608937858  0.3814262032  0.7131281531  0.3425515204  0.6843227556  0.7155580609  0.3455592597  0.6872289119  0.8270833333  0.6518231905  0.8383132715  0.5333333333  0.4032433032  0.5686794040  0.7972779370  0.6949742868  0.8058671070  0.6609195402  0.4847013464  0.6665855070  53.333333333  7.9802722836  23.261893272  1600          1.2223817360 
0.2692832765  0.2265625344  0.3263414882  0.2896174863  0.2487676197  0.3446464328  0.5320030439  0.2439249377  0.5777180827  0.5287485908  0.2401913025  0.5758411937  0.7770833333  0.6162739514  0.7855818117  0.5375000000  0.4041798008  0.5674002858  0.7263610315  0.6060679516  0.7495503156  0.5689655172  0.4358738775  0.5988607155  60.000000000  7.9112284899  23.261893272  1800          1.2201543415 
0.3426621160  0.2650029366  0.3999954182  0.3647540984  0.2973990538  0.4229910499  0.6800963896  0.3537009076  0.6776496631  0.6816234498  0.3540328031  0.6780094834  0.8427083333  0.6596643556  0.8532608956  0.5875000000  0.4370836018  0.6161361577  0.8166189112  0.7573226670  0.8226947461  0.5977011494  0.4428487105  0.6069693682  66.666666666  7.8324720883  23.261893272  2000          1.2214133751 
0.3948805461  0.3090668891  0.4469021713  0.4275956284  0.3426048340  0.4765671587  0.6777007412  0.2774753118  0.6635635883  0.6815107103  0.2837425297  0.6691494860  0.8750000000  0.6879391420  0.8831122793  0.6208333333  0.4391949029  0.6361566382  0.8595988539  0.7466517670  0.8618861286  0.6896551724  0.5067731925  0.6792372804  73.333333333  7.8000248313  23.261893272  2200          1.2228798974 
0.4129692833  0.3099440394  0.4684891952  0.4098360656  0.3384979280  0.4739247493  0.6866632846  0.2916885417  0.6687756562  0.6886696731  0.2968028740  0.6717863826  0.8885416667  0.6976513158  0.8943689928  0.6416666667  0.4624784814  0.6616943031  0.8624641834  0.7744183095  0.8654478867  0.6551724138  0.4846849534  0.6507381897  80.000000000  7.7648260808  23.261893272  2400          1.2229297268 
0.4003412969  0.2850688534  0.4464681607  0.4112021858  0.3137470257  0.4640532049  0.6495025507  0.2869801965  0.6556195981  0.6528748591  0.2900174210  0.6591966150  0.8552083333  0.6749317410  0.8675049567  0.6250000000  0.4516803214  0.6522205742  0.8653295129  0.7855738659  0.8706925369  0.6752873563  0.4966353108  0.6754020934  86.666666666  7.7535022497  23.261893272  2600          1.2170486593 
0.3924914676  0.2840384292  0.4392072734  0.4098360656  0.3254855263  0.4620373337  0.6882415941  0.3161558433  0.6778649688  0.6870913191  0.3146144474  0.6763416564  0.8895833333  0.6996061982  0.8960053813  0.6291666667  0.4735470516  0.6481241392  0.8567335244  0.7780596387  0.8626720243  0.6810344828  0.5070705821  0.6852674270  93.333333333  7.7240410066  23.261893272  2800          1.2186751986 
0.4815699659  0.3281353662  0.5059226836  0.5136612022  0.3643869222  0.5375853250  0.7510357656  0.3234491956  0.6975878291  0.7520856821  0.3208518736  0.6988594377  0.8864583333  0.6982078998  0.8915040668  0.6833333333  0.4934944415  0.6967280814  0.8760744986  0.8140737366  0.8751304235  0.7040229885  0.5118374081  0.6925862018  100.00000000  7.7103251028  23.261893272  3000          1.2207841480 
0.4044368601  0.2703693155  0.4541780522  0.4248633880  0.3118340576  0.4775655916  0.7267974409  0.3480678106  0.7015600536  0.7241826381  0.3424446745  0.6987061080  0.8458333333  0.6590945569  0.8533229218  0.6000000000  0.4327467032  0.6222705232  0.9104584527  0.8531369500  0.9130107123  0.6867816092  0.5311889032  0.6898904053  106.66666666  7.6748561907  23.261893272  3200          1.2227869201 
0.2713310580  0.2377874409  0.3293889566  0.2937158470  0.2661259250  0.3534753121  0.5814097686  0.2930402320  0.6170291820  0.5832018038  0.2950015951  0.6190493070  0.8718750000  0.6923483321  0.8816525288  0.6083333333  0.4585676435  0.6410415597  0.8746418338  0.7836254996  0.8829045736  0.6609195402  0.4754167580  0.6656940490  113.33333333  7.6630852389  23.261893272  3400          1.2221574283 
0.2795221843  0.2089439101  0.3299004969  0.3114754098  0.2550520684  0.3670583477  0.6240804938  0.3553905306  0.6501373616  0.6233370913  0.3498370722  0.6505611905  0.8885416667  0.7035443701  0.8967997887  0.6000000000  0.4345788946  0.6269158680  0.8545845272  0.7813046964  0.8637976639  0.6551724138  0.4694991931  0.6564723516  120.00000000  7.6566873980  23.261893272  3600          1.2201950538 
0.3860068259  0.2909368129  0.4361470816  0.3961748634  0.3207085547  0.4511389597  0.7187086046  0.3895026471  0.7018921363  0.7170800451  0.3769043416  0.7003710424  0.9083333333  0.7190870705  0.9149499578  0.6416666667  0.4753653364  0.6625065870  0.8882521490  0.8179729043  0.8937979127  0.6925287356  0.5124520773  0.6919476995  126.66666666  7.6480969858  23.261893272  3800          1.2205048203 
0.3887372014  0.2948787503  0.4366541346  0.4248633880  0.3329313087  0.4731461637  0.6898762718  0.2653982193  0.6677084390  0.6893461105  0.2654490858  0.6685532529  0.8729166667  0.6950986464  0.8862086511  0.6416666667  0.4783589744  0.6698514957  0.8660458453  0.7742991836  0.8718277690  0.6925287356  0.4989208354  0.6825803504  133.33333333  7.6286286211  23.261893272  4000          1.2208741355 
0.3566552901  0.2889118965  0.4174847832  0.3565573770  0.3082615102  0.4167859741  0.7079704631  0.3358501479  0.6905173024  0.7109921082  0.3358908468  0.6931871170  0.8906250000  0.7050165039  0.8992974219  0.6291666667  0.4714124028  0.6592926562  0.8918338109  0.8373732002  0.8969790576  0.6695402299  0.4578264539  0.6685833566  140.00000000  7.6430374146  23.261893272  4200          1.2216971755 
0.3593856655  0.2831187872  0.4142858722  0.3797814208  0.3187172726  0.4368378622  0.6521236718  0.2913688657  0.6591802855  0.6523675310  0.2907932160  0.6597431128  0.8916666667  0.7078339902  0.8989800006  0.6333333333  0.4736810864  0.6570510818  0.8810888252  0.8095421275  0.8886221015  0.6867816092  0.5278206771  0.6968499280  146.66666666  7.6024907088  23.261893272  4400          1.2223035991 
0.3358361775  0.2374503652  0.3849322620  0.3510928962  0.2580640405  0.4007099814  0.6963586145  0.3189934260  0.6792476743  0.6957722661  0.3162037882  0.6784685188  0.8812500000  0.7000304203  0.8869575560  0.6458333333  0.4728715342  0.6707154354  0.8667621777  0.7834291518  0.8791318888  0.6666666667  0.5127500292  0.6753214386  153.33333333  7.6000281048  23.261893272  4600          1.2257502186 
0.3883959044  0.2844214711  0.4313397402  0.4057377049  0.3122450854  0.4544181621  0.6724021307  0.3145939503  0.6729175275  0.6692220970  0.3127305233  0.6708564468  0.8750000000  0.6906004212  0.8861878191  0.5833333333  0.4259704612  0.6141156807  0.8904011461  0.8350586179  0.8959477846  0.6551724138  0.4906811023  0.6625771541  160.00000000  7.6059214878  23.261893272  4800          1.2234442866 
0.3679180887  0.2555435518  0.4152973938  0.3811475410  0.2887369287  0.4344117159  0.6516022660  0.3297707374  0.6601339407  0.6492108230  0.3305220521  0.6593609159  0.8791666667  0.6961320871  0.8877398811  0.5958333333  0.4407235294  0.6171165441  0.8989971347  0.8465425602  0.9045002447  0.6896551724  0.5304355560  0.6910213989  166.66666666  7.5842205882  23.261893272  5000          1.2249841559 
