Environment:
	Python: 3.8.11
	PyTorch: 1.9.0+cu102
	Torchvision: 0.10.0+cu102
	CUDA: 10.2
	CUDNN: 7605
	NumPy: 1.21.1
	PIL: 9.1.0
Args:
	algorithm: Clip_train_prompt_from_image_v2
	checkpoint_freq: None
	data_dir: /nfs/users/ext_group8/Dataset/224_data/
	dataset: DR
	holdout_fraction: 0.2
	hparams: {"weight_init":"clip_full","backbone":"ClipBase","lr":0.000005}
	hparams_seed: 0
	output_dir: ./domainbed/Outputs/V23_CLIP_COOP_3_LAYERS_MLP/17a65ef85f861c6a715a183f2092ec1c
	save_best_model: True
	save_model_every_checkpoint: False
	seed: 2081508567
	skip_model_save: False
	steps: None
	task: domain_generalization
	test_envs: [3]
	trial_seed: 1
	uda_holdout_fraction: 0
HParams:
	backbone: ClipBase
	batch_size: 32
	class_balanced: False
	data_augmentation: True
	lr: 5e-06
	nonlinear_classifier: False
	resnet18: False
	resnet_dropout: 0.0
	test_env: [3]
	weight_decay: 0.0
	weight_init: clip_full
device: cuda
3
True ****************************************************************************************************
transformer_width: 512 ;transformer_layers: 12 ;transformer_heads: 8
env0_in_acc   env0_in_f1m   env0_in_f1w   env0_out_acc  env0_out_f1m  env0_out_f1w  env1_in_acc   env1_in_f1m   env1_in_f1w   env1_out_acc  env1_out_f1m  env1_out_f1w  env2_in_acc   env2_in_f1m   env2_in_f1w   env2_out_acc  env2_out_f1m  env2_out_f1w  env3_in_acc   env3_in_f1m   env3_in_f1w   env3_out_acc  env3_out_f1m  env3_out_f1w  epoch         loss          mem_gb        step          step_time    
0.1655290102  0.1037603442  0.1767467121  0.1653005464  0.0999319109  0.1631223565  0.2515148953  0.1032764148  0.3326004455  0.2585118377  0.1060200702  0.3411323023  0.3385416667  0.1387681159  0.2750924668  0.4000000000  0.1520492279  0.3165631410  0.2650429799  0.1215641107  0.2867242702  0.2873563218  0.1299779280  0.3029140144  0.0000000000  11.134912490  22.054702758  0             2.2990503311 
0.7133105802  0.5536929731  0.7255963768  0.6967213115  0.5330932165  0.7069951005  0.6090724613  0.3197609107  0.6258890672  0.6127959414  0.3186592895  0.6305444023  0.3375000000  0.2570744797  0.2678113027  0.2875000000  0.2148733725  0.2392673514  0.2500000000  0.2596716644  0.2182152750  0.2442528736  0.2785915692  0.2197274199  6.6666666667  8.4572983027  23.261893272  200           1.2018457580 
0.7952218430  0.6294124757  0.7965623759  0.7609289617  0.5850149392  0.7579098279  0.5556776866  0.3391404203  0.5953615362  0.5614994363  0.3369371299  0.6002445479  0.3260416667  0.2165981097  0.2436706964  0.2708333333  0.1691549372  0.2053259084  0.2249283668  0.2275236444  0.1977442386  0.2040229885  0.2223255666  0.1811442720  13.333333333  8.2027517128  23.261893272  400           1.1943915093 
0.7894197952  0.6207347073  0.7921083497  0.7527322404  0.5464387322  0.7483789817  0.6634536794  0.3532808680  0.6612648414  0.6656708005  0.3443114571  0.6639330822  0.4302083333  0.3293775741  0.4288049788  0.3583333333  0.2614621310  0.3729091965  0.4391117479  0.3790142409  0.4571955652  0.4396551724  0.3602865218  0.4581512677  20.000000000  8.1110734510  23.261893272  600           1.1929964030 
0.7843003413  0.6258078757  0.7886975411  0.7267759563  0.5303530888  0.7272667845  0.7373805699  0.3446462660  0.6964110260  0.7426155581  0.3512031852  0.7030229505  0.5479166667  0.4433285069  0.5571433020  0.3833333333  0.3013713404  0.4120807340  0.5823782235  0.4644045120  0.6029062963  0.5373563218  0.4365158697  0.5676310992  26.666666666  8.0384709907  23.261893272  800           1.1926498497 
0.8389078498  0.7272897344  0.8437212532  0.7896174863  0.6547999309  0.7945404543  0.6333530622  0.3664312736  0.6515593056  0.6370913191  0.3677657234  0.6559039917  0.6583333333  0.4919992658  0.6596524409  0.4583333333  0.3139536164  0.4653251513  0.5608882521  0.4248284269  0.5796961940  0.5718390805  0.4022608385  0.5924136928  33.333333333  7.9474880195  23.261893272  1000          1.1924479198 
0.8733788396  0.7644696119  0.8731814549  0.8251366120  0.6918252208  0.8235411871  0.6887629999  0.3522423519  0.6783970381  0.6908680947  0.3464858220  0.6806218900  0.7187500000  0.5386398769  0.7189011930  0.4875000000  0.3248482824  0.4911388429  0.5322349570  0.4353728695  0.5525779160  0.5545977011  0.4293058347  0.5907412986  40.000000000  7.8740459204  23.261893272  1200          1.1919344223 
0.8761092150  0.7861868165  0.8793901331  0.8087431694  0.6851654924  0.8121711477  0.7062089569  0.3712413628  0.6892744579  0.7087936866  0.3712534538  0.6917197625  0.7666666667  0.5838487923  0.7666948480  0.4833333333  0.2807488962  0.4574053687  0.6124641834  0.4426406967  0.6239804721  0.6005747126  0.4229782608  0.6207329001  46.666666666  7.8104976606  23.261893272  1400          1.1924992728 
0.8556313993  0.7390530475  0.8556062180  0.7759562842  0.5939167415  0.7724165179  0.7232039683  0.3785209989  0.6977239990  0.7266629087  0.3802248323  0.7018202720  0.8291666667  0.6389334475  0.8274430126  0.5250000000  0.3463975932  0.5343963223  0.6790830946  0.5073447378  0.6714754482  0.6839080460  0.4860351433  0.6873239813  53.333333333  7.7110442877  23.261893272  1600          1.1930018687 
0.8873720137  0.8115925548  0.8910877834  0.7745901639  0.6471111657  0.7806565072  0.7256841690  0.3520805620  0.6925559778  0.7270011274  0.3552992601  0.6952314574  0.8437500000  0.6522935369  0.8410172008  0.5583333333  0.3319455681  0.5226663942  0.6783667622  0.4767452261  0.6703654856  0.6839080460  0.4908466501  0.6821288391  60.000000000  7.6524124670  23.261893272  1800          1.1926288712 
0.8825938567  0.8031427334  0.8865140145  0.7964480874  0.6652806370  0.8037156785  0.6953017108  0.3346557789  0.6759021889  0.6964487035  0.3278401702  0.6784604379  0.8104166667  0.6294004468  0.8143103250  0.5166666667  0.3675789046  0.5137968751  0.6497134670  0.4568850267  0.6566598758  0.6551724138  0.4675116156  0.6615211494  66.666666666  7.5765635943  23.261893272  2000          1.1928847086 
0.9163822526  0.8369015628  0.9162186803  0.8251366120  0.6777035160  0.8225216987  0.7556720498  0.3682070041  0.7052804567  0.7553551297  0.3610136063  0.7057384200  0.9114583333  0.7188270185  0.9094338233  0.5500000000  0.3515796545  0.5389748927  0.6840974212  0.4905540624  0.6728237916  0.7068965517  0.5119617128  0.7028702611  73.333333333  7.5437193251  23.261893272  2200          1.1932498026 
0.8952218430  0.8308679356  0.8969678369  0.7786885246  0.6318109735  0.7813688444  0.7221188805  0.3931405019  0.7027855055  0.7218714769  0.3851703734  0.7025072618  0.8958333333  0.7089033476  0.8979145920  0.5000000000  0.3445010459  0.5105156679  0.6604584527  0.4900740760  0.6576968095  0.6781609195  0.5100659989  0.6804467962  80.000000000  7.4943300533  23.261893272  2400          1.1922848427 
0.9327645051  0.8673851360  0.9302672106  0.8346994536  0.6559697154  0.8187773259  0.7442433979  0.3914463303  0.7069643240  0.7441375423  0.3869252237  0.7087101443  0.9333333333  0.7382669172  0.9333557201  0.5916666667  0.3884150135  0.5895555402  0.6919770774  0.4993225529  0.6869307276  0.7183908046  0.5258896057  0.7172776204  86.666666666  7.4459499025  23.261893272  2600          1.2037608349 
0.9020477816  0.8349958987  0.9074604987  0.7759562842  0.6308997653  0.7837148220  0.7475550295  0.3683948872  0.7067745299  0.7452649380  0.3608050038  0.7052905532  0.9458333333  0.7517452037  0.9459537751  0.6125000000  0.4270932146  0.6067883748  0.6977077364  0.5020529627  0.6873500164  0.7155172414  0.5304219846  0.7156578428  93.333333333  7.4238030767  23.261893272  2800          1.1999904943 
0.9412969283  0.9031318030  0.9427201466  0.8005464481  0.6781898539  0.8047124829  0.6979087399  0.3455397628  0.6792645621  0.6965614431  0.3442185553  0.6804825146  0.9250000000  0.7303204383  0.9260272493  0.4875000000  0.3251249652  0.4831665399  0.6783667622  0.4794247419  0.6807423355  0.6954022989  0.5001627675  0.7006331081  100.00000000  7.4025618410  23.261893272  3000          1.1990290201 
0.9266211604  0.8693506069  0.9295937885  0.7841530055  0.6283160114  0.7896336257  0.7237535582  0.3657981485  0.6952462344  0.7240698985  0.3660977245  0.6970784762  0.9010416667  0.7048273923  0.8981354056  0.5708333333  0.3586634752  0.5428321635  0.7020057307  0.4936641653  0.6931326342  0.7241379310  0.5198011980  0.7144205330  106.66666666  7.3835302877  23.261893272  3200          1.1999775195 
0.9153583618  0.8648843716  0.9200225311  0.7827868852  0.6463251205  0.7907824838  0.7335193484  0.4053567370  0.7037220691  0.7355693348  0.4046761404  0.7067846292  0.9520833333  0.7556580836  0.9525655350  0.5583333333  0.3640419840  0.5510691990  0.6969914040  0.5087030583  0.6879981708  0.7068965517  0.5166894803  0.7040780042  113.33333333  7.3638995051  23.261893272  3400          1.2007996345 
0.9634812287  0.9399033229  0.9636887946  0.8278688525  0.7099901499  0.8274802627  0.7335193484  0.4277184396  0.7132061789  0.7307215333  0.4160822031  0.7104551940  0.9385416667  0.7438580919  0.9388747900  0.5833333333  0.4034193942  0.5914327507  0.7063037249  0.5239887330  0.6955002556  0.7155172414  0.5213562649  0.7163987289  120.00000000  7.3526790810  23.261893272  3600          1.2009648323 
0.9597269625  0.9314083238  0.9600917410  0.7964480874  0.6565334270  0.7997062780  0.7489078662  0.3996500641  0.7118242063  0.7442502818  0.3916745714  0.7087097261  0.9093750000  0.7241478187  0.9099087753  0.5333333333  0.3521893933  0.5299750373  0.6941260745  0.4985293085  0.6871879582  0.7011494253  0.5135030303  0.7085919587  126.66666666  7.3501167750  23.261893272  3800          1.2015463102 
0.9566552901  0.9346288318  0.9575094445  0.8224043716  0.7014229853  0.8249553668  0.5918801612  0.4106969832  0.6345341044  0.5860202931  0.3952177951  0.6302839388  0.9322916667  0.7421657812  0.9332031242  0.5208333333  0.3476293980  0.5177048028  0.6475644699  0.4918771400  0.6528208519  0.6609195402  0.5037289858  0.6750598639  133.33333333  7.3227051997  23.261893272  4000          1.2018323910 
0.9672354949  0.9389195990  0.9673582656  0.8278688525  0.6793885842  0.8245496502  0.7394802852  0.4529394592  0.7206836989  0.7350620068  0.4409457250  0.7168033680  0.9562500000  0.7600291016  0.9572213227  0.5125000000  0.3366172750  0.5188435930  0.6883954155  0.4985431454  0.6776790187  0.7040229885  0.5099599530  0.7019032478  140.00000000  7.3240592647  23.261893272  4200          1.2022562087 
0.9665529010  0.9376498577  0.9662649515  0.8333333333  0.6776095370  0.8255233418  0.7106197683  0.4220355038  0.7001517362  0.7047350620  0.4050472614  0.6954051655  0.9552083333  0.7595114405  0.9556197888  0.5375000000  0.3773760421  0.5478396958  0.6819484241  0.5173977243  0.6784600733  0.6810344828  0.5198639212  0.6867597963  146.66666666  7.2939164400  23.261893272  4400          1.2009575188 
0.9744027304  0.9519516439  0.9744811102  0.8155737705  0.6753089845  0.8153917052  0.7552633804  0.4330906353  0.7228848727  0.7554114994  0.4240837479  0.7234378363  0.9645833333  0.7682062270  0.9652643795  0.5291666667  0.3591897061  0.5388841796  0.6962750716  0.5137596900  0.6849423183  0.7097701149  0.5257375576  0.7068158813  153.33333333  7.3232432532  23.261893272  4600          1.1993994033 
0.9716723549  0.9490346874  0.9719757563  0.8292349727  0.6963939226  0.8293880058  0.6528987345  0.4431699250  0.6786325270  0.6514656144  0.4277678377  0.6771556800  0.9427083333  0.7471299055  0.9434939605  0.5041666667  0.3347618170  0.4906920114  0.6411174785  0.4953906218  0.6478480735  0.6522988506  0.5059309390  0.6654732016  160.00000000  7.2887314725  23.261893272  4800          1.2006582630 
0.9627986348  0.9372670937  0.9630185687  0.8005464481  0.6617495216  0.8017798338  0.7167498098  0.4173995661  0.7073093137  0.7179819617  0.4123805491  0.7095068080  0.9447916667  0.7489219196  0.9448460278  0.5333333333  0.3387000897  0.5202665317  0.6740687679  0.4860113380  0.6721635008  0.6781609195  0.5027180722  0.6831290827  166.66666666  7.3005456281  23.261893272  5000          1.2010484266 
