Environment:
	Python: 3.8.11
	PyTorch: 1.9.0+cu102
	Torchvision: 0.10.0+cu102
	CUDA: 10.2
	CUDNN: 7605
	NumPy: 1.21.1
	PIL: 9.1.0
Args:
	algorithm: Clip_train_prompt_from_image_v2
	checkpoint_freq: None
	data_dir: /nfs/users/ext_group8/Dataset/224_data/
	dataset: DR
	holdout_fraction: 0.2
	hparams: {"weight_init":"clip_full","backbone":"ClipBase","lr":0.000005}
	hparams_seed: 0
	output_dir: ./domainbed/Outputs/V23_CLIP_COOP_3_LAYERS_MLP/4fc2e69ed7c7a99a67b86057f288d099
	save_best_model: True
	save_model_every_checkpoint: False
	seed: 1400482984
	skip_model_save: False
	steps: None
	task: domain_generalization
	test_envs: [0]
	trial_seed: 2
	uda_holdout_fraction: 0
HParams:
	backbone: ClipBase
	batch_size: 32
	class_balanced: False
	data_augmentation: True
	lr: 5e-06
	nonlinear_classifier: False
	resnet18: False
	resnet_dropout: 0.0
	test_env: [0]
	weight_decay: 0.0
	weight_init: clip_full
device: cuda
0
True ****************************************************************************************************
transformer_width: 512 ;transformer_layers: 12 ;transformer_heads: 8
env0_in_acc   env0_in_f1m   env0_in_f1w   env0_out_acc  env0_out_f1m  env0_out_f1w  env1_in_acc   env1_in_f1m   env1_in_f1w   env1_out_acc  env1_out_f1m  env1_out_f1w  env2_in_acc   env2_in_f1m   env2_in_f1w   env2_out_acc  env2_out_f1m  env2_out_f1w  env3_in_acc   env3_in_f1m   env3_in_f1w   env3_out_acc  env3_out_f1m  env3_out_f1w  epoch         loss          mem_gb        step          step_time    
0.1901023891  0.1114578577  0.1924906638  0.1734972678  0.0977695627  0.1783288754  0.3805980666  0.1315959840  0.4413930875  0.3817925592  0.1324599080  0.4427795134  0.3927083333  0.1227756161  0.2650125649  0.4750000000  0.1515151515  0.3488636364  0.5186246418  0.1570993165  0.4165870011  0.5028735632  0.1531277517  0.3944881638  0.0000000000  10.315457344  22.054702758  0             3.2479815483 
0.1941979522  0.2141900472  0.2378144916  0.2281420765  0.2506384336  0.2682246768  0.7258109974  0.2763441221  0.6687169306  0.7187711387  0.2680524443  0.6628261025  0.4291666667  0.3544073825  0.4547054132  0.3708333333  0.3190638298  0.3980617840  0.5623209169  0.4612899367  0.5844772000  0.5143678161  0.4140966175  0.5403675833  6.6666666667  8.7558659267  23.261893272  200           1.2268473089 
0.2679180887  0.2057713724  0.3101769413  0.2759562842  0.2139025382  0.3188641109  0.6237000085  0.2410643663  0.6285967197  0.6186020293  0.2373242730  0.6247487464  0.4552083333  0.3635482085  0.4849237298  0.4125000000  0.3308739670  0.4390902607  0.5666189112  0.4235853530  0.5880890383  0.5402298851  0.4100119257  0.5645172061  13.333333333  8.5142084408  23.261893272  400           1.2266264832 
0.1518771331  0.1436548488  0.1826047299  0.1803278689  0.1920336830  0.2058726107  0.6757419464  0.2821559615  0.6615530466  0.6677564825  0.2709297002  0.6548476864  0.5166666667  0.4048822771  0.5192234465  0.3625000000  0.2889077460  0.3540731642  0.5709169054  0.4442480984  0.5988773966  0.5287356322  0.4091973792  0.5432529358  20.000000000  8.4162803173  23.261893272  600           1.2253887177 
0.3211604096  0.2783970310  0.3797054528  0.3265027322  0.2929345487  0.3814856913  0.6984019616  0.2675729297  0.6649177197  0.6895152198  0.2610267369  0.6581755496  0.7104166667  0.5351667251  0.7169468835  0.5625000000  0.4023596273  0.5840420840  0.6826647564  0.5339682718  0.6786640089  0.6091954023  0.4614593296  0.6045560399  26.666666666  8.3315684080  23.261893272  800           1.2251994193 
0.2293515358  0.2050103096  0.2715374677  0.2431693989  0.2349012925  0.2764965965  0.6519545672  0.2741272535  0.6482520946  0.6449267193  0.2728399923  0.6426227604  0.5947916667  0.4794785838  0.6234476133  0.4041666667  0.3465599042  0.4253111203  0.6418338109  0.5230793535  0.6658816919  0.4942528736  0.4200753455  0.5206863357  33.333333333  8.2137202501  23.261893272  1000          1.2308504021 
0.2092150171  0.2218510475  0.2578952280  0.2390710383  0.2590326155  0.2891837369  0.6099461684  0.3106853642  0.6370673182  0.6063134160  0.3039710905  0.6335077886  0.7239583333  0.5765141438  0.7431061851  0.5166666667  0.4160000000  0.5523333333  0.6855300860  0.6168216682  0.7092432140  0.5574712644  0.4986027932  0.5841185086  40.000000000  8.1116385269  23.261893272  1200          1.2313927209 
0.2098976109  0.1932252725  0.2601739378  0.2349726776  0.2308950586  0.2821769162  0.5661480793  0.2600109734  0.6074075502  0.5571025930  0.2577893868  0.5994999413  0.7302083333  0.5750137358  0.7476637397  0.5125000000  0.3971175618  0.5458079073  0.7113180516  0.6030688678  0.7296920623  0.5057471264  0.4410510676  0.5314372518  46.666666666  8.0353721499  23.261893272  1400          1.2280621660 
0.3699658703  0.2943208886  0.4246660279  0.3784153005  0.3229442456  0.4320857971  0.6356077901  0.3498977981  0.6561784785  0.6281285231  0.3492053811  0.6485808242  0.7979166667  0.6218989340  0.8156272137  0.5416666667  0.4161135988  0.5748027235  0.7736389685  0.6907476965  0.7848699479  0.6034482759  0.5242242039  0.6231500042  53.333333333  7.9614711070  23.261893272  1600          1.2272980893 
0.3658703072  0.2824753795  0.4255195740  0.3948087432  0.3201287156  0.4484693767  0.6971477692  0.3124706915  0.6795069372  0.6887824126  0.3110079568  0.6733601290  0.8375000000  0.6519123642  0.8434829299  0.6333333333  0.4697585280  0.6511065981  0.8388252149  0.7641529672  0.8398871933  0.6724137931  0.5282871766  0.6656073370  60.000000000  7.8983761692  23.261893272  1800          1.2277406061 
0.2904436860  0.2676663864  0.3504523782  0.2909836066  0.2781059019  0.3407967851  0.5824807644  0.3340564805  0.6171099315  0.5723788050  0.3338953503  0.6088805836  0.7875000000  0.6304728374  0.8023264495  0.5000000000  0.3937701644  0.5319686638  0.7657593123  0.6899653356  0.7821938672  0.5488505747  0.4632331477  0.5683859895  66.666666666  7.8675911689  23.261893272  2000          1.2285461748 
0.2542662116  0.2236378391  0.3089559779  0.2745901639  0.2812673846  0.3231260639  0.6376511372  0.3031455615  0.6518233925  0.6319052988  0.3033164491  0.6463432495  0.8104166667  0.6418669739  0.8284441443  0.5041666667  0.4094356929  0.5415663565  0.7965616046  0.7260907054  0.8108675934  0.5890804598  0.5008578399  0.6068684298  73.333333333  7.8144186854  23.261893272  2200          1.2272780955 
0.3047781570  0.2409731398  0.3637091119  0.3087431694  0.2666793334  0.3618711984  0.6587187509  0.3761993110  0.6659478591  0.6487034949  0.3731952881  0.6576149464  0.8166666667  0.6436949329  0.8285187703  0.5791666667  0.4550710871  0.6074135469  0.8273638968  0.7554082297  0.8368588767  0.5948275862  0.4937141423  0.6104529029  80.000000000  7.7908470988  23.261893272  2400          1.2265331149 
0.3467576792  0.2586137816  0.3979678131  0.3428961749  0.2720724037  0.3930040022  0.6954144472  0.3535982247  0.6886917469  0.6851183766  0.3467780180  0.6791027676  0.8864583333  0.6953025480  0.8935680758  0.6333333333  0.4711360428  0.6569059469  0.8624641834  0.7539089585  0.8696373633  0.6810344828  0.5271618440  0.6794472248  86.666666666  7.7302674127  23.261893272  2600          1.2261436629 
0.4389078498  0.3105162838  0.4682325405  0.4426229508  0.3181622979  0.4643965404  0.7267692568  0.3028910017  0.6766791537  0.7179819617  0.2871746057  0.6678707040  0.8708333333  0.6887692045  0.8834062409  0.6583333333  0.4783315078  0.6734648008  0.8560171920  0.7570035450  0.8633003088  0.6666666667  0.5083482466  0.6419341303  93.333333333  7.7079743528  23.261893272  2800          1.2240159822 
0.3853242321  0.2753782157  0.4297413800  0.3948087432  0.3180310198  0.4378990374  0.7051943294  0.3765816002  0.6958455117  0.6959977452  0.3692406745  0.6874134369  0.8895833333  0.7045990613  0.8997272713  0.6291666667  0.4744220128  0.6540208771  0.8767908309  0.8131727495  0.8837781690  0.6408045977  0.5276699796  0.6460756639  100.00000000  7.7051040101  23.261893272  3000          1.2287019074 
0.3617747440  0.2834504785  0.4174308185  0.3661202186  0.3140212675  0.4158254108  0.7514726191  0.4155608816  0.7199172637  0.7410935738  0.4054326386  0.7104629275  0.9083333333  0.7184374521  0.9147414692  0.6708333333  0.5037474903  0.6867496555  0.8724928367  0.8052006898  0.8777480423  0.6781609195  0.5240714926  0.6693575536  106.66666666  7.6566977882  23.261893272  3200          1.2280815089 
0.2972696246  0.2067369833  0.3503893493  0.3073770492  0.2273346487  0.3530499648  0.6731912855  0.3087243008  0.6718851987  0.6657271702  0.3019632503  0.6651452738  0.8760416667  0.6952991621  0.8841870729  0.6083333333  0.4683421692  0.6311595275  0.8531518625  0.7534437384  0.8639185593  0.6235632184  0.4840190321  0.6283203982  113.33333333  7.6802362299  23.261893272  3400          1.2288740802 
0.4365187713  0.2350317213  0.4505686082  0.4412568306  0.2358323760  0.4536869201  0.7073785970  0.3373281991  0.6852408561  0.6965614431  0.3264977055  0.6758291279  0.9187500000  0.7228325671  0.9227854618  0.6750000000  0.5046345953  0.6903266871  0.8789398281  0.7707091956  0.8886621973  0.6522988506  0.4801281353  0.6472196875  120.00000000  7.6452159858  23.261893272  3600          1.2294565499 
0.3402730375  0.2567811541  0.3937810489  0.3483606557  0.2873439036  0.3981363909  0.6790253939  0.3101602260  0.6738277900  0.6700676437  0.3008619085  0.6655271015  0.8947916667  0.7091977815  0.9030618169  0.6250000000  0.4774164151  0.6470445758  0.8753581662  0.7985803433  0.8847875052  0.6752873563  0.5095931942  0.6767011738  126.66666666  7.6351371050  23.261893272  3800          1.2270581520 
0.3440273038  0.2784512421  0.4014764694  0.3524590164  0.3088156652  0.4055728118  0.7526422592  0.3750415299  0.7143368869  0.7432919955  0.3738068268  0.7048784391  0.8791666667  0.6918289338  0.8892896846  0.6250000000  0.4762350663  0.6513710046  0.8875358166  0.8445376114  0.8927396738  0.6781609195  0.5414235931  0.6792810463  133.33333333  7.6232410598  23.261893272  4000          1.2279116702 
0.3914675768  0.2673836847  0.4317087781  0.4016393443  0.2929652730  0.4405492189  0.6744032017  0.2992576622  0.6713330237  0.6625704622  0.2942721920  0.6615997183  0.9052083333  0.7157869045  0.9141588004  0.7000000000  0.5257348351  0.7174477715  0.8961318052  0.8116514472  0.9032126373  0.6752873563  0.5258500795  0.6776302462  140.00000000  7.6068738198  23.261893272  4200          1.2282723737 
0.2593856655  0.2208097293  0.3155762833  0.2814207650  0.2548985454  0.3292037879  0.5562554607  0.3126350478  0.6028079111  0.5450958286  0.3061622723  0.5931510395  0.8385416667  0.6718827225  0.8456153402  0.5916666667  0.4585280646  0.6144842241  0.8130372493  0.7301863598  0.8303982552  0.5919540230  0.4710280642  0.6109616556  146.66666666  7.5987012100  23.261893272  4400          1.2285921526 
0.4143344710  0.3146438168  0.4547981491  0.4193989071  0.3341969146  0.4579518178  0.6366646938  0.3681042806  0.6607502422  0.6304960541  0.3671677387  0.6554450151  0.8760416667  0.6906644855  0.8892588253  0.6291666667  0.4682927128  0.6558447510  0.8932664756  0.8076259657  0.8997313389  0.6896551724  0.5514441044  0.6883881666  153.33333333  7.5790916872  23.261893272  4600          1.2262335348 
0.3825938567  0.2517008033  0.4268670640  0.3811475410  0.2817181638  0.4227644492  0.7184690398  0.3938006588  0.7055438497  0.7056933484  0.3862676953  0.6946217754  0.8989583333  0.7117758050  0.9089949453  0.6250000000  0.4733009420  0.6504964855  0.8775071633  0.8088000159  0.8851731987  0.6551724138  0.4968606502  0.6470403252  160.00000000  7.5937748241  23.261893272  4800          1.2300608432 
0.3686006826  0.2872407158  0.4224308921  0.3784153005  0.2944365099  0.4269035495  0.6952453426  0.3096964055  0.6854195328  0.6830890643  0.2968887480  0.6745275478  0.8645833333  0.6856736764  0.8818699109  0.6291666667  0.4784042920  0.6616471870  0.8832378223  0.8058469782  0.8923039054  0.6580459770  0.5186960956  0.6679514810  166.66666666  7.5762997842  23.261893272  5000          1.2292209673 
