Environment:
	Python: 3.8.11
	PyTorch: 1.9.0+cu102
	Torchvision: 0.10.0+cu102
	CUDA: 10.2
	CUDNN: 7605
	NumPy: 1.21.1
	PIL: 9.1.0
Args:
	algorithm: Clip_train_prompt_from_image_v2
	checkpoint_freq: None
	data_dir: /nfs/users/ext_group8/Dataset/224_data/
	dataset: DR
	holdout_fraction: 0.2
	hparams: {"weight_init":"clip_full","backbone":"ClipBase","lr":0.000005}
	hparams_seed: 0
	output_dir: ./domainbed/Outputs/V23_CLIP_COOP_3_LAYERS_MLP/d9b6e030a538113280c2d5b200907cf8
	save_best_model: True
	save_model_every_checkpoint: False
	seed: 1879288089
	skip_model_save: False
	steps: None
	task: domain_generalization
	test_envs: [3]
	trial_seed: 0
	uda_holdout_fraction: 0
HParams:
	backbone: ClipBase
	batch_size: 32
	class_balanced: False
	data_augmentation: True
	lr: 5e-06
	nonlinear_classifier: False
	resnet18: False
	resnet_dropout: 0.0
	test_env: [3]
	weight_decay: 0.0
	weight_init: clip_full
device: cuda
3
True ****************************************************************************************************
transformer_width: 512 ;transformer_layers: 12 ;transformer_heads: 8
env0_in_acc   env0_in_f1m   env0_in_f1w   env0_out_acc  env0_out_f1m  env0_out_f1w  env1_in_acc   env1_in_f1m   env1_in_f1w   env1_out_acc  env1_out_f1m  env1_out_f1w  env2_in_acc   env2_in_f1m   env2_in_f1w   env2_out_acc  env2_out_f1m  env2_out_f1w  env3_in_acc   env3_in_f1m   env3_in_f1w   env3_out_acc  env3_out_f1m  env3_out_f1w  epoch         loss          mem_gb        step          step_time    
0.1812286689  0.1143306594  0.1807258362  0.1475409836  0.0938718308  0.1646208604  0.2339421099  0.0987395976  0.3148011624  0.2368094701  0.0986245907  0.3178991530  0.3166666667  0.1373247015  0.2710571620  0.3416666667  0.1426590017  0.2931566901  0.2242120344  0.1111743272  0.2519214729  0.2442528736  0.1217115059  0.2875463449  0.0000000000  11.167771339  22.054702758  0             3.3472354412 
0.6883959044  0.4642697570  0.6701414461  0.6693989071  0.4478446254  0.6620059736  0.7261069305  0.2613989532  0.6580833525  0.7298759865  0.2624465038  0.6609096090  0.5572916667  0.3732607303  0.5407707708  0.4791666667  0.2973558464  0.4673767882  0.6038681948  0.3842035638  0.5531353520  0.6264367816  0.3336619487  0.5858920089  6.6666666667  8.4331791806  23.261893272  200           1.2173201978 
0.7996587031  0.6273853407  0.7990726214  0.7691256831  0.5751752020  0.7765832380  0.7255432485  0.3012703779  0.6764962948  0.7263810598  0.3032214420  0.6774175065  0.4645833333  0.3518702002  0.4581914652  0.3625000000  0.2704392872  0.3795420080  0.5042979943  0.4134971947  0.5243023112  0.4913793103  0.3194958957  0.5250961277  13.333333333  8.1762817407  23.261893272  400           1.2111707366 
0.8348122867  0.7165799302  0.8364216367  0.8032786885  0.6339924964  0.8083794290  0.7179053578  0.3576210213  0.6914658463  0.7182638106  0.3533656884  0.6915957213  0.4708333333  0.3925723223  0.4997715366  0.3500000000  0.2949444444  0.3898657407  0.5336676218  0.4625417981  0.5564463925  0.5201149425  0.4172243160  0.5593768772  20.000000000  8.0818545628  23.261893272  600           1.2111899555 
0.8225255973  0.7133171419  0.8283200550  0.7513661202  0.5958753691  0.7637433201  0.6624531439  0.3290338625  0.6596905467  0.6614430665  0.3272926802  0.6588175998  0.4822916667  0.3668660248  0.4694828870  0.3208333333  0.2396674728  0.3177163673  0.5293696275  0.4158604795  0.5515905563  0.5344827586  0.3485892252  0.5584726734  26.666666666  8.0120300436  23.261893272  800           1.2105180407 
0.8259385666  0.7172899488  0.8296515274  0.7868852459  0.6429937311  0.7913587442  0.7380569882  0.3768931603  0.7027180333  0.7394024803  0.3785129023  0.7034821005  0.6458333333  0.4710887029  0.6399300462  0.5041666667  0.3163730489  0.4901556331  0.5451289398  0.3992993658  0.5539619978  0.5977011494  0.3782753982  0.6035867691  33.333333333  7.9464043736  23.261893272  1000          1.2112168324 
0.8368600683  0.7409598406  0.8424018362  0.7609289617  0.6106492821  0.7755548049  0.6798991009  0.3382018762  0.6723156821  0.6788049605  0.3412286347  0.6713860234  0.7145833333  0.5210366456  0.6982323688  0.5708333333  0.3669531881  0.5540654426  0.5938395415  0.4453596789  0.6011562798  0.6120689655  0.4165819999  0.6201731488  40.000000000  7.8681860781  23.261893272  1200          1.2114420867 
0.8477815700  0.7685385830  0.8553753365  0.7609289617  0.6104962940  0.7703719552  0.7244722528  0.4235743400  0.7023853772  0.7254227734  0.4209353085  0.7027088472  0.7052083333  0.5591576895  0.7155243979  0.4291666667  0.3261523088  0.4444625871  0.5924068768  0.4709507789  0.6110834031  0.6005747126  0.4446555915  0.6207152644  46.666666666  7.7795904756  23.261893272  1400          1.2111606455 
0.8819112628  0.8030925580  0.8835714298  0.7882513661  0.6342327024  0.7971686280  0.7260082861  0.3963861678  0.7002651508  0.7294813980  0.3983871636  0.7030484459  0.7729166667  0.6039698360  0.7756132302  0.4500000000  0.2996889632  0.4603530327  0.6325214900  0.4763112251  0.6369382476  0.6839080460  0.4826464112  0.6895183389  53.333333333  7.7182752323  23.261893272  1600          1.2109048414 
0.9047781570  0.8380830118  0.9059841632  0.8101092896  0.6433726390  0.8145957300  0.6455567769  0.3738081236  0.6629758438  0.6479143179  0.3714302092  0.6633797173  0.8541666667  0.6711050298  0.8573324583  0.5208333333  0.3665354187  0.5361562004  0.6511461318  0.4889170953  0.6548606598  0.6810344828  0.4719532721  0.6923693042  60.000000000  7.6532622480  23.261893272  1800          1.2117371953 
0.9095563140  0.8512197747  0.9109788361  0.7923497268  0.6338684172  0.8003432190  0.6830839041  0.3929312089  0.6872435665  0.6833709132  0.3844936492  0.6857889784  0.8458333333  0.6583214026  0.8497013160  0.5375000000  0.3652846287  0.5576221062  0.6669054441  0.5077540888  0.6654538254  0.6724137931  0.4737203780  0.6765288225  66.666666666  7.6085033774  23.261893272  2000          1.2108736062 
0.8744027304  0.7973163696  0.8808661037  0.7336065574  0.5625811492  0.7526956409  0.6968095600  0.3128784834  0.6806676976  0.7004509583  0.3117160890  0.6827671893  0.8562500000  0.6765951698  0.8646537119  0.4458333333  0.3281876629  0.4698927710  0.6396848138  0.4811690639  0.6442396329  0.6752873563  0.4469206026  0.6821487577  73.333333333  7.5377921152  23.261893272  2200          1.2109159482 
0.9177474403  0.8539521501  0.9182793484  0.7896174863  0.6162415092  0.7963819397  0.7392970886  0.3860597034  0.7093685315  0.7414317926  0.3813870340  0.7108343430  0.8958333333  0.7060329713  0.8974280359  0.4750000000  0.3452524709  0.4940133652  0.6626074499  0.5126642410  0.6661380177  0.6752873563  0.4744496460  0.6773045690  80.000000000  7.4928861952  23.261893272  2400          1.2159556258 
0.9194539249  0.8526156853  0.9182227847  0.7718579235  0.5641681740  0.7703953502  0.7573771878  0.3797514292  0.7102495464  0.7591882751  0.3740085823  0.7102258171  0.8927083333  0.6929235465  0.8875996220  0.6166666667  0.3684112378  0.5823655535  0.7091690544  0.5290533273  0.6908357683  0.7068965517  0.4659159004  0.6938606837  86.666666666  7.4448660922  23.261893272  2600          1.2164832783 
0.9040955631  0.8282913630  0.9066980188  0.7554644809  0.5592912073  0.7672919475  0.7032355345  0.3613977650  0.6907149733  0.7054114994  0.3611229605  0.6920040253  0.8947916667  0.7064818751  0.8987868543  0.4583333333  0.3254584730  0.4843957296  0.6525787966  0.4920778831  0.6582356254  0.6752873563  0.4611259862  0.6857254273  93.333333333  7.4107375145  23.261893272  2800          1.2192793107 
0.9600682594  0.9299116191  0.9602412291  0.7964480874  0.6167987706  0.7998232937  0.7542346608  0.4237877312  0.7218851765  0.7520293123  0.4175260932  0.7191105415  0.9406250000  0.7459124819  0.9411840270  0.4541666667  0.3116443127  0.4692736216  0.6948424069  0.5219479391  0.6844370054  0.7212643678  0.5219245567  0.7170247521  100.00000000  7.3942804408  23.261893272  3000          1.2197179461 
0.9344709898  0.8940372110  0.9360451080  0.7800546448  0.6073136614  0.7839926992  0.7524167864  0.4096717524  0.7134623549  0.7541713641  0.4056603813  0.7127736339  0.9166666667  0.7262428735  0.9197342528  0.4333333333  0.3236283307  0.4705774929  0.6941260745  0.5150004184  0.6840212520  0.7241379310  0.5072250226  0.7156125980  106.66666666  7.3799210477  23.261893272  3200          1.2195718992 
0.9535836177  0.9200906501  0.9542555742  0.7855191257  0.5979115988  0.7908331951  0.7093655759  0.3102921971  0.6873389453  0.7091882751  0.3090376016  0.6853953992  0.9541666667  0.7577294720  0.9546277953  0.4875000000  0.3217729639  0.5021962686  0.6812320917  0.5004877986  0.6804105277  0.6925287356  0.4684829971  0.7053670102  113.33333333  7.3602461338  23.261893272  3400          1.2198075306 
0.9583617747  0.9293386846  0.9586357407  0.8128415301  0.6392069210  0.8134697537  0.7076604380  0.3878528544  0.7011221749  0.7031003382  0.3793125406  0.6945091767  0.9427083333  0.7501156017  0.9433804674  0.5083333333  0.3595541601  0.5317692308  0.6618911175  0.5088539299  0.6652311630  0.6810344828  0.4660505332  0.6907430933  120.00000000  7.3411024499  23.261893272  3600          1.2211039448 
0.8979522184  0.8417543854  0.9032232637  0.7513661202  0.5866160357  0.7656814780  0.6999239029  0.3820601070  0.6928692885  0.6948703495  0.3712123331  0.6866968479  0.9583333333  0.7596784115  0.9583685165  0.5458333333  0.3598314936  0.5447598606  0.6733524355  0.4948952413  0.6722051498  0.6925287356  0.4609274891  0.6987556512  126.66666666  7.3146416593  23.261893272  3800          1.2208270240 
0.9580204778  0.9248161433  0.9585579367  0.8019125683  0.6530228770  0.8103091869  0.7131563372  0.4117393835  0.7002517602  0.7085118377  0.4084582019  0.6951143879  0.9520833333  0.7576391908  0.9522669340  0.5166666667  0.3211058306  0.5106980305  0.6898280802  0.5156377174  0.6861862828  0.7097701149  0.4827045996  0.7051878930  133.33333333  7.3167021775  23.261893272  4000          1.2211540294 
0.9617747440  0.9406415609  0.9625641512  0.8101092896  0.6277802603  0.8092699173  0.5427552775  0.4197037479  0.6000430440  0.5435174746  0.4163928353  0.6009172128  0.9114583333  0.7213243118  0.9159950505  0.4500000000  0.3343520567  0.4939766663  0.6038681948  0.4822831976  0.6168375154  0.6063218391  0.4575210914  0.6248118145  140.00000000  7.3036753511  23.261893272  4200          1.2199119937 
0.9631399317  0.9383471232  0.9635126323  0.8005464481  0.6129410656  0.8065342952  0.7552633804  0.4521981255  0.7283783692  0.7542277339  0.4449053317  0.7254449796  0.9541666667  0.7549626787  0.9548722357  0.4791666667  0.3332991453  0.5039914530  0.6654727794  0.5121242277  0.6666677868  0.6896551724  0.4990647733  0.6925047392  146.66666666  7.3058662701  23.261893272  4400          1.2199583638 
0.9648464164  0.9359986437  0.9652080031  0.7909836066  0.6286641518  0.7947611964  0.7718356303  0.4354834280  0.7266106952  0.7699549042  0.4229596347  0.7243624334  0.9364583333  0.7409294526  0.9358785209  0.5750000000  0.3301535734  0.5314972031  0.6969914040  0.5248037123  0.6860214105  0.7183908046  0.4977003595  0.7039069832  153.33333333  7.2867908168  23.261893272  4600          1.2218784297 
0.9744027304  0.9548635133  0.9744086385  0.8114754098  0.6451983182  0.8127132231  0.7513316987  0.4290488315  0.7237993178  0.7503382187  0.4276802156  0.7232344332  0.9593750000  0.7624711321  0.9597183719  0.5208333333  0.3730697863  0.5412010567  0.6618911175  0.5105577579  0.6637462580  0.6609195402  0.4715973312  0.6694024161  160.00000000  7.2853947926  23.261893272  4800          1.2203769028 
0.9590443686  0.9315880883  0.9591654251  0.7855191257  0.6066417379  0.7865646844  0.7213297258  0.4361760714  0.7091840873  0.7184892897  0.4257735537  0.7055263875  0.9468750000  0.7548979193  0.9475060399  0.5625000000  0.3680936934  0.5572473340  0.6468481375  0.5044674210  0.6563376188  0.6494252874  0.4760766302  0.6607442389  166.66666666  7.2656225967  23.261893272  5000          1.2185794842 
