Environment:
	Python: 3.8.11
	PyTorch: 1.9.0+cu102
	Torchvision: 0.10.0+cu102
	CUDA: 10.2
	CUDNN: 7605
	NumPy: 1.21.1
	PIL: 9.1.0
Args:
	algorithm: Clip_train_prompt_from_image_v2
	checkpoint_freq: None
	data_dir: /nfs/users/ext_group8/Dataset/224_data/
	dataset: DR
	holdout_fraction: 0.2
	hparams: {"weight_init":"clip_full","backbone":"ClipBase","lr":0.000005}
	hparams_seed: 0
	output_dir: ./domainbed/Outputs/V23_CLIP_COOP_3_LAYERS_MLP/05e84e855d099d57ddce843beba8d128
	save_best_model: True
	save_model_every_checkpoint: False
	seed: 1526695905
	skip_model_save: False
	steps: None
	task: domain_generalization
	test_envs: [2]
	trial_seed: 2
	uda_holdout_fraction: 0
HParams:
	backbone: ClipBase
	batch_size: 32
	class_balanced: False
	data_augmentation: True
	lr: 5e-06
	nonlinear_classifier: False
	resnet18: False
	resnet_dropout: 0.0
	test_env: [2]
	weight_decay: 0.0
	weight_init: clip_full
device: cuda
2
True ****************************************************************************************************
transformer_width: 512 ;transformer_layers: 12 ;transformer_heads: 8
env0_in_acc   env0_in_f1m   env0_in_f1w   env0_out_acc  env0_out_f1m  env0_out_f1w  env1_in_acc   env1_in_f1m   env1_in_f1w   env1_out_acc  env1_out_f1m  env1_out_f1w  env2_in_acc   env2_in_f1m   env2_in_f1w   env2_out_acc  env2_out_f1m  env2_out_f1w  env3_in_acc   env3_in_f1m   env3_in_f1w   env3_out_acc  env3_out_f1m  env3_out_f1w  epoch         loss          mem_gb        step          step_time    
0.1447098976  0.0899818783  0.1401725429  0.1297814208  0.0777753796  0.1283725613  0.1879456611  0.0855525084  0.2644285442  0.1916009019  0.0873403225  0.2680412061  0.1687500000  0.1074126697  0.1930063503  0.1458333333  0.0850971359  0.1830435916  0.2944126074  0.1197752660  0.3052816687  0.3218390805  0.1222256858  0.3107935979  0.0000000000  11.609424591  22.054702758  0             3.0802404881 
0.7310580205  0.5734936639  0.7410514856  0.7062841530  0.5327348099  0.7154294624  0.6821256447  0.3515330665  0.6654144756  0.6820180383  0.3582185103  0.6653719175  0.4864583333  0.3853464797  0.5175089061  0.4541666667  0.3575390317  0.4813130416  0.5472779370  0.3917950242  0.5513752968  0.5028735632  0.3525871815  0.5040483125  6.6666666667  8.5218131495  23.261893272  200           1.2121964538 
0.7221843003  0.5699318407  0.7171727727  0.6994535519  0.5524716832  0.6960248261  0.7396071137  0.3650441481  0.6822358736  0.7361330327  0.3623421840  0.6778533280  0.3864583333  0.3270369897  0.4072980984  0.4000000000  0.3426685389  0.4093635484  0.5365329513  0.4651633743  0.5500862524  0.5344827586  0.4462020369  0.5512432486  13.333333333  8.2820603085  23.261893272  400           1.2097998154 
0.8252559727  0.6883286645  0.8287989611  0.7622950820  0.5907935327  0.7650136653  0.6734731265  0.3987226041  0.6738267720  0.6726606539  0.3958997809  0.6731316650  0.2989583333  0.2635571882  0.2888154667  0.2958333333  0.2754923343  0.2850281048  0.5372492837  0.5285527408  0.5700648509  0.5287356322  0.4985534469  0.5530339035  20.000000000  8.2151492238  23.261893272  600           1.2102350485 
0.7313993174  0.5984898177  0.7492763278  0.6980874317  0.5459214099  0.7219028412  0.6252642259  0.3385798358  0.6376232121  0.6232243517  0.3382014013  0.6364369528  0.3572916667  0.3022747668  0.3364910020  0.3375000000  0.3005833764  0.3224647868  0.5573065903  0.5492607674  0.5790975226  0.4770114943  0.4350125074  0.5010427663  26.666666666  8.1720959878  23.261893272  800           1.2094211948 
0.8402730375  0.7263332527  0.8468730103  0.7773224044  0.6403922729  0.7854327218  0.6556748682  0.3882461526  0.6600921145  0.6469560316  0.3848698004  0.6525983434  0.5614583333  0.4353523969  0.5966495085  0.5541666667  0.4161989493  0.5926859446  0.6618911175  0.5886088264  0.6788224378  0.5632183908  0.5064681873  0.5829366571  33.333333333  8.0843122840  23.261893272  1000          1.2131106830 
0.8901023891  0.7902045494  0.8875441205  0.8224043716  0.6691690984  0.8176220195  0.7346326203  0.3995089022  0.7050905912  0.7304396843  0.3957844331  0.7009929558  0.5750000000  0.4222769219  0.5934096907  0.6000000000  0.4452943225  0.6249767793  0.6640401146  0.6837105848  0.6879263902  0.5373563218  0.4869558482  0.5640679966  40.000000000  8.0679536152  23.261893272  1200          1.2167415500 
0.8955631399  0.8130428043  0.8958467366  0.8073770492  0.6442049386  0.8030846357  0.7311941603  0.4194690769  0.7066207749  0.7268883878  0.4156229770  0.7032302533  0.6031250000  0.4448239928  0.6196507489  0.5958333333  0.4437355111  0.6239326484  0.7621776504  0.6919249317  0.7576514351  0.6379310345  0.5189046863  0.6242205664  46.666666666  7.9922285748  23.261893272  1400          1.2123336160 
0.9054607509  0.8301859772  0.9056532985  0.8087431694  0.6558019049  0.8066094178  0.7435669795  0.4186479829  0.7072489991  0.7357384442  0.4079783971  0.6997151375  0.5927083333  0.4125956998  0.6004527926  0.6000000000  0.4278300452  0.6244049263  0.7528653295  0.7438663704  0.7652628274  0.5747126437  0.4735115598  0.5897739327  53.333333333  7.9581174183  23.261893272  1600          1.2121919596 
0.9119453925  0.8392689026  0.9121298575  0.8155737705  0.6566883743  0.8111515472  0.7040528734  0.3751066534  0.6743341235  0.6984216460  0.3569709491  0.6662845125  0.5072916667  0.4017754303  0.5417487610  0.4916666667  0.4000794096  0.5314367952  0.7012893983  0.7389391280  0.7258587346  0.5431034483  0.4875465686  0.5737068630  60.000000000  7.9132476664  23.261893272  1800          1.2101654696 
0.9170648464  0.8562377341  0.9184025314  0.8114754098  0.6747442454  0.8130262889  0.6503480736  0.3920469475  0.6626898870  0.6408117249  0.3806564983  0.6548188783  0.6239583333  0.4513121667  0.6359839022  0.6250000000  0.4617115664  0.6511012855  0.8237822350  0.7945882985  0.8283863096  0.5775862069  0.4829964476  0.5902668695  66.666666666  7.8595106840  23.261893272  2000          1.2136253023 
0.9143344710  0.8538404565  0.9163543828  0.8005464481  0.6731567972  0.8032467173  0.7132831656  0.3820194561  0.6882858097  0.7115558061  0.3824291380  0.6869482213  0.6572916667  0.4687675710  0.6598435231  0.6583333333  0.4762298066  0.6754098762  0.8531518625  0.8339499663  0.8543085181  0.6034482759  0.5091361797  0.6038068310  73.333333333  7.7907744217  23.261893272  2200          1.2132286048 
0.9211604096  0.8668482170  0.9227352743  0.7978142077  0.6460461788  0.8000352901  0.6747977791  0.3699833940  0.6739734728  0.6629086809  0.3514940534  0.6636179863  0.6364583333  0.4728981823  0.6547729856  0.6375000000  0.4792579047  0.6643615587  0.8001432665  0.7576069367  0.8130473776  0.5028735632  0.4102682052  0.5323510262  80.000000000  7.7415209436  23.261893272  2400          1.2142680228 
0.9262798635  0.8799763765  0.9281996685  0.7827868852  0.6316754867  0.7838079085  0.6994447733  0.4267476278  0.6962111632  0.6944193912  0.4198840698  0.6914252242  0.5927083333  0.4412607096  0.6123890701  0.5708333333  0.4329125159  0.5916705196  0.8015759312  0.8108908170  0.8103960111  0.5747126437  0.5081810578  0.5947548896  86.666666666  7.7038347721  23.261893272  2600          1.2106900847 
0.9385665529  0.8849321808  0.9391009594  0.8306010929  0.6807111689  0.8299643544  0.6810969251  0.4342399514  0.6850047691  0.6724915445  0.4192921653  0.6765829605  0.6354166667  0.4661744845  0.6488584818  0.6375000000  0.4793555466  0.6630560551  0.8660458453  0.8601521016  0.8716369805  0.5804597701  0.5049298322  0.5916084790  93.333333333  7.6781157398  23.261893272  2800          1.2117991602 
0.9378839590  0.8975199189  0.9396598491  0.8019125683  0.6646514954  0.8096541390  0.7294608382  0.3829372556  0.6922169299  0.7231116122  0.3735360519  0.6854701214  0.6739583333  0.4875294920  0.6748274768  0.6750000000  0.5011962488  0.6910226495  0.9219197708  0.8959506033  0.9224271871  0.6264367816  0.4939025695  0.6131677531  100.00000000  7.6365766835  23.261893272  3000          1.2121171975 
0.9300341297  0.8867428656  0.9320520614  0.8032786885  0.6700587292  0.8083883557  0.5913023872  0.3641003322  0.6274783975  0.5820180383  0.3495797078  0.6193276525  0.6562500000  0.4796803645  0.6660637928  0.6583333333  0.4794374623  0.6777590042  0.8846704871  0.8669646204  0.8893704248  0.5431034483  0.4709006289  0.5621680379  106.66666666  7.6074398160  23.261893272  3200          1.2136019647 
0.9348122867  0.8880447793  0.9365853010  0.7978142077  0.6647234111  0.8033620663  0.7379724360  0.4400374773  0.7125706488  0.7290304397  0.4223279825  0.7054840202  0.6885416667  0.5022241688  0.6919811919  0.7000000000  0.5205492542  0.7139773023  0.9441260745  0.9266561821  0.9441466197  0.6120689655  0.4966589905  0.6055634440  113.33333333  7.5824636436  23.261893272  3400          1.2134054935 
0.9273037543  0.8874966149  0.9300970304  0.7950819672  0.6704331259  0.8014974597  0.6748823314  0.4418620711  0.6872093598  0.6608229989  0.4204163577  0.6735284227  0.6708333333  0.4828862578  0.6709871981  0.6958333333  0.5138813804  0.7142789439  0.9090257880  0.8801965468  0.9120001315  0.5948275862  0.5027682665  0.6050980068  120.00000000  7.5658039880  23.261893272  3600          1.2140207911 
0.9580204778  0.9311877566  0.9585187009  0.8210382514  0.6758800771  0.8190002268  0.7378596996  0.4304316496  0.7143060021  0.7272266065  0.4115722713  0.7048088564  0.6666666667  0.4768917640  0.6638753965  0.6500000000  0.4626772363  0.6652033709  0.9240687679  0.9204941613  0.9263993751  0.6465517241  0.5347625262  0.6447893030  126.66666666  7.5433447671  23.261893272  3800          1.2136916363 
0.9638225256  0.9362230001  0.9643288842  0.8292349727  0.6753731779  0.8269674139  0.6075927961  0.3897707617  0.6422339927  0.5926155581  0.3700695631  0.6285050135  0.6447916667  0.4765514384  0.6549263527  0.6541666667  0.4832540949  0.6724051502  0.9161891117  0.9204583504  0.9204846223  0.5488505747  0.5003556301  0.5687233040  133.33333333  7.5544512606  23.261893272  4000          1.2136014605 
0.9634812287  0.9326847134  0.9639184043  0.8155737705  0.6709240877  0.8159550206  0.7215833827  0.4002356837  0.6974665658  0.7139233371  0.3909143507  0.6908624950  0.6739583333  0.4852363092  0.6719514253  0.6791666667  0.4971485414  0.6917423212  0.9570200573  0.9444191871  0.9572162634  0.6350574713  0.5185608187  0.6231451685  140.00000000  7.5209764433  23.261893272  4200          1.2141301143 
0.9634812287  0.9314718192  0.9634823732  0.8224043716  0.6647661116  0.8163144596  0.7411431470  0.4283454945  0.7151630808  0.7331454340  0.4143949115  0.7068825291  0.6489583333  0.4688901538  0.6486201587  0.6458333333  0.4698569411  0.6608869707  0.9434097421  0.9442568305  0.9445328033  0.5574712644  0.5003578268  0.5667590259  146.66666666  7.5260198736  23.261893272  4400          1.2150432122 
0.9686006826  0.9444695600  0.9686035432  0.8169398907  0.6498627382  0.8097043764  0.7007412418  0.4451051798  0.7008404508  0.6896843292  0.4276035756  0.6897901653  0.6708333333  0.4817678727  0.6668697953  0.6750000000  0.4822829090  0.6825057573  0.9613180516  0.9508079844  0.9614767063  0.6293103448  0.4758495401  0.6106726332  153.33333333  7.5064462948  23.261893272  4600          1.2159276664 
0.9631399317  0.9380988825  0.9635658419  0.8265027322  0.6797180634  0.8248126111  0.7522054057  0.4333488241  0.7132969024  0.7435738444  0.4154029509  0.7044192821  0.6645833333  0.4729758699  0.6588262941  0.6833333333  0.4871759918  0.6901254189  0.9706303725  0.9566778539  0.9707348392  0.6293103448  0.4860941085  0.6027548635  160.00000000  7.4876350069  23.261893272  4800          1.2134816623 
0.9525597270  0.9275735588  0.9534879578  0.7991803279  0.6730337345  0.8075314666  0.5677404808  0.3919860683  0.6154238773  0.5552987599  0.3793869996  0.6034263557  0.6406250000  0.4749149597  0.6548355853  0.6541666667  0.5083150266  0.6866226887  0.8660458453  0.8646678765  0.8739340830  0.4856321839  0.4240486426  0.5166859130  166.66666666  7.5016327882  23.261893272  5000          1.2163755047 
