Environment:
	Python: 3.8.11
	PyTorch: 1.9.0+cu102
	Torchvision: 0.10.0+cu102
	CUDA: 10.2
	CUDNN: 7605
	NumPy: 1.21.1
	PIL: 9.1.0
Args:
	algorithm: Clip_train_prompt_from_image_v2
	checkpoint_freq: None
	data_dir: /nfs/users/ext_group8/Dataset/224_data/
	dataset: DR
	holdout_fraction: 0.2
	hparams: {"weight_init":"clip_full","backbone":"ClipBase","lr":0.000005}
	hparams_seed: 0
	output_dir: ./domainbed/Outputs/V23_CLIP_COOP_3_LAYERS_MLP/24f531f413a1b352a83cd1b419c2724b
	save_best_model: True
	save_model_every_checkpoint: False
	seed: 1614983374
	skip_model_save: False
	steps: None
	task: domain_generalization
	test_envs: [1]
	trial_seed: 1
	uda_holdout_fraction: 0
HParams:
	backbone: ClipBase
	batch_size: 32
	class_balanced: False
	data_augmentation: True
	lr: 5e-06
	nonlinear_classifier: False
	resnet18: False
	resnet_dropout: 0.0
	test_env: [1]
	weight_decay: 0.0
	weight_init: clip_full
device: cuda
1
True ****************************************************************************************************
transformer_width: 512 ;transformer_layers: 12 ;transformer_heads: 8
env0_in_acc   env0_in_f1m   env0_in_f1w   env0_out_acc  env0_out_f1m  env0_out_f1w  env1_in_acc   env1_in_f1m   env1_in_f1w   env1_out_acc  env1_out_f1m  env1_out_f1w  env2_in_acc   env2_in_f1m   env2_in_f1w   env2_out_acc  env2_out_f1m  env2_out_f1w  env3_in_acc   env3_in_f1m   env3_in_f1w   env3_out_acc  env3_out_f1m  env3_out_f1w  epoch         loss          mem_gb        step          step_time    
0.1931740614  0.1162333892  0.2011228229  0.1926229508  0.1120231843  0.1953147967  0.0914433077  0.0479025541  0.1338279189  0.0949267193  0.0509989770  0.1402751518  0.3927083333  0.1342992118  0.2844478277  0.4208333333  0.1561883595  0.3231351577  0.4713467049  0.1601063134  0.3955026842  0.4683908046  0.1640836088  0.3975438894  0.0000000000  11.461479187  22.054702758  0             3.0223197937 
0.6501706485  0.4615137376  0.6666292340  0.6775956284  0.4807972398  0.6805244458  0.5571573518  0.2864051720  0.5862933317  0.5645434047  0.2865824201  0.5933071518  0.4000000000  0.3288268502  0.4110228969  0.3416666667  0.2745509420  0.3615364917  0.4842406877  0.4058594064  0.5161211842  0.5086206897  0.4401700711  0.5374967051  6.6666666667  8.4711771202  23.261893272  200           1.2335953069 
0.7583617747  0.5375467586  0.7575225694  0.7431693989  0.5293280389  0.7371348791  0.6478255968  0.2854162509  0.6368266805  0.6509019166  0.2855685276  0.6420238690  0.4875000000  0.3974691886  0.5228908764  0.3500000000  0.2890068372  0.4020701459  0.5895415473  0.4806893145  0.6077656028  0.5431034483  0.4685594076  0.5668019998  13.333333333  8.1294928837  23.261893272  400           1.2333497894 
0.8313993174  0.6769711400  0.8305543928  0.7896174863  0.6239342390  0.7868768023  0.7021645388  0.3110868561  0.6640214819  0.7014656144  0.3100150511  0.6668391137  0.6343750000  0.4792701394  0.6457259152  0.5750000000  0.4272181881  0.5952704427  0.6891117479  0.5418028318  0.6817863921  0.6091954023  0.4496596070  0.6107610445  20.000000000  7.9969693804  23.261893272  600           1.2319182897 
0.8409556314  0.6340969026  0.8290038969  0.7800546448  0.5624971952  0.7684306341  0.6185141343  0.3088231264  0.6304570549  0.6244644870  0.3079247106  0.6376999746  0.6218750000  0.4967585522  0.6463684515  0.4750000000  0.3712033162  0.5154096696  0.6554441261  0.5758203972  0.6742620524  0.5603448276  0.4565269463  0.5907502035  26.666666666  7.8918496990  23.261893272  800           1.2330199659 
0.7668941980  0.6320276458  0.7766442564  0.7308743169  0.5828855623  0.7346838639  0.5880189397  0.3086963158  0.6035377328  0.5920518602  0.3100314691  0.6103410809  0.6677083333  0.5236229181  0.6892535224  0.5041666667  0.3697884615  0.5331730769  0.6876790831  0.5853087630  0.6977414115  0.5890804598  0.4319214970  0.5986619221  33.333333333  7.7732262039  23.261893272  1000          1.2384196246 
0.7863481229  0.6142429494  0.7900870398  0.7513661202  0.5475787481  0.7482034478  0.4818353485  0.2717538189  0.5296309717  0.4816798196  0.2655173884  0.5316463501  0.6666666667  0.5410029346  0.6918544882  0.4500000000  0.3618546503  0.4883373910  0.6919770774  0.6341251885  0.7096801706  0.5603448276  0.4368233374  0.5898663101  40.000000000  7.6302504277  23.261893272  1200          1.2392527664 
0.8266211604  0.7000558183  0.8334223309  0.7732240437  0.6177414121  0.7761740473  0.6096079592  0.3061024952  0.6154210948  0.6094137542  0.3021819421  0.6171374665  0.7104166667  0.5658611074  0.7363843812  0.4416666667  0.3506422022  0.4832080517  0.7356733524  0.6857330340  0.7530186987  0.5517241379  0.4358419420  0.5798863852  46.666666666  7.5365124774  23.261893272  1400          1.2351238346 
0.8959044369  0.8157040892  0.8961624826  0.8101092896  0.6640910339  0.8078331991  0.5703616020  0.3227616549  0.6009379432  0.5752536640  0.3204895886  0.6064752896  0.7854166667  0.6183021086  0.7967058849  0.5083333333  0.3886251994  0.5430749601  0.7843839542  0.6999395673  0.7956895193  0.6005747126  0.4660938561  0.6268270014  53.333333333  7.4302770567  23.261893272  1600          1.2347525489 
0.8604095563  0.7652396085  0.8674418896  0.7800546448  0.6360065936  0.7851287604  0.5968546546  0.3190591827  0.6145662962  0.5992108230  0.3233518182  0.6190434699  0.8552083333  0.6737783626  0.8602002554  0.6458333333  0.4665692691  0.6731206333  0.8280802292  0.7341778362  0.8342591428  0.6522988506  0.4444658909  0.6492328092  60.000000000  7.3541309500  23.261893272  1800          1.2333076000 
0.8713310580  0.7573839372  0.8730780075  0.7814207650  0.6096214500  0.7792330030  0.6635664158  0.3235094609  0.6450320970  0.6686020293  0.3270536531  0.6519059551  0.8843750000  0.6925504530  0.8874879012  0.6541666667  0.4690478504  0.6674784132  0.8452722063  0.7573788279  0.8490797702  0.6954022989  0.5023630041  0.6867473121  66.666666666  7.2888613391  23.261893272  2000          1.2353290045 
0.9085324232  0.8383042067  0.9094077916  0.8032786885  0.6691896192  0.8019964532  0.6928919704  0.3353819537  0.6619721946  0.6960541150  0.3393855485  0.6666857186  0.8583333333  0.6683788349  0.8593726846  0.6291666667  0.4366128569  0.6328277866  0.8488538682  0.7500803927  0.8458777289  0.6839080460  0.4560510386  0.6546159811  73.333333333  7.2395930219  23.261893272  2200          1.2352299941 
0.9116040956  0.8459811627  0.9143167681  0.7855191257  0.6492032788  0.7905944697  0.5992080268  0.3229723882  0.6130713986  0.6020293123  0.3305504701  0.6176786224  0.8510416667  0.6651225630  0.8556570306  0.6375000000  0.4527052859  0.6482866221  0.8409742120  0.7560333621  0.8537288191  0.6666666667  0.4791716133  0.6651165997  80.000000000  7.1912912369  23.261893272  2400          1.2355698264 
0.9075085324  0.8444117122  0.9104001592  0.7786885246  0.6460435654  0.7848958315  0.5977142696  0.3089114604  0.6040034854  0.5994363021  0.3071639710  0.6070910091  0.8614583333  0.6774090318  0.8700828751  0.6208333333  0.4480100720  0.6420122938  0.8502865330  0.7465852359  0.8550743030  0.6666666667  0.4576543471  0.6644443171  86.666666666  7.1436356235  23.261893272  2600          1.2331946445 
0.9143344710  0.8559179478  0.9169483161  0.7923497268  0.6668612397  0.7952882573  0.6168794566  0.3155409697  0.6200982498  0.6206313416  0.3209202498  0.6261690716  0.8989583333  0.7080803888  0.9010585485  0.6666666667  0.4943227199  0.6789604695  0.8560171920  0.7669668355  0.8610983307  0.6666666667  0.4693931067  0.6643562929  93.333333333  7.1226737571  23.261893272  2800          1.2333569562 
0.9000000000  0.8341833234  0.9030257463  0.7745901639  0.6378565529  0.7771088602  0.6885938953  0.3144145197  0.6500085073  0.6932919955  0.3166122568  0.6558303654  0.8781250000  0.6888688561  0.8854426673  0.6750000000  0.4928742868  0.6886450751  0.8760744986  0.8076213490  0.8792776268  0.7040229885  0.4612071207  0.6796389696  100.00000000  7.0790720177  23.261893272  3000          1.2344648170 
0.9412969283  0.9005381779  0.9421912069  0.8073770492  0.6775331982  0.8106096141  0.6226853809  0.3089005531  0.6215974375  0.6285794814  0.3106553265  0.6285179980  0.8750000000  0.6901012970  0.8828657176  0.6250000000  0.4629764881  0.6503856493  0.8832378223  0.7883855250  0.8893194811  0.6839080460  0.4693994506  0.6829559077  106.66666666  7.0728480530  23.261893272  3200          1.2368164003 
0.9368600683  0.8873151201  0.9380251863  0.7909836066  0.6351940246  0.7924060071  0.6035906542  0.3265861598  0.6189159152  0.6064825254  0.3275970750  0.6238061534  0.8812500000  0.6985994213  0.8911754753  0.6000000000  0.4458614458  0.6286157465  0.8617478510  0.8081898414  0.8693606963  0.6637931034  0.4992782831  0.6714918653  113.33333333  7.0280224776  23.261893272  3400          1.2355283201 
0.9436860068  0.8944515450  0.9456330248  0.8060109290  0.6623567552  0.8082039098  0.6582678053  0.3008655072  0.6331824029  0.6593573844  0.3069961745  0.6367269430  0.8895833333  0.7018453728  0.8943208980  0.6250000000  0.4450229803  0.6362523216  0.8911174785  0.8390263727  0.8938320566  0.6982758621  0.4773796427  0.6750655430  120.00000000  7.0117815137  23.261893272  3600          1.2365367258 
0.9491467577  0.9136116979  0.9501741497  0.7882513661  0.6523274337  0.7906534359  0.5995462360  0.3120581742  0.6056150589  0.6027621195  0.3137477227  0.6093230193  0.9010416667  0.7088606342  0.9053875581  0.6083333333  0.4492213176  0.6343681355  0.8667621777  0.7876903436  0.8761919353  0.6752873563  0.4627467727  0.6767046547  126.66666666  7.0104083681  23.261893272  3800          1.2355175507 
0.9590443686  0.9258226440  0.9589657012  0.8183060109  0.6738517866  0.8146832161  0.6501789690  0.3144112889  0.6377239705  0.6528748591  0.3208071847  0.6424456853  0.8875000000  0.6980713325  0.8948675866  0.6541666667  0.4853671438  0.6759053684  0.8982808023  0.8318547509  0.9024442136  0.7155172414  0.5064630111  0.7028181958  133.33333333  7.0005861521  23.261893272  4000          1.2353707194 
0.9672354949  0.9369333232  0.9669302346  0.7991803279  0.6297820299  0.7927229681  0.6613116879  0.3105772796  0.6418327643  0.6659526494  0.3155585269  0.6472768434  0.8895833333  0.7012925584  0.8952877275  0.6125000000  0.4514386701  0.6360733929  0.8954154728  0.8242593374  0.9010772066  0.7212643678  0.5274003985  0.7118145780  140.00000000  6.9740630174  23.261893272  4200          1.2371545875 
0.9634812287  0.9391499571  0.9636894824  0.8005464481  0.6572061805  0.8007379067  0.6619176461  0.3370805753  0.6510911354  0.6652198422  0.3438279258  0.6557774642  0.9187500000  0.7264411357  0.9223616872  0.6708333333  0.4978522345  0.6905558916  0.8710601719  0.7907161440  0.8789493416  0.6637931034  0.4416905411  0.6664801891  146.66666666  6.9648914289  23.261893272  4400          1.2355517209 
0.9474402730  0.9185295339  0.9483547037  0.7896174863  0.6353408958  0.7911682422  0.4745074829  0.3021412518  0.5357996845  0.4758173619  0.3011374717  0.5384034291  0.8437500000  0.6750216874  0.8570095456  0.5791666667  0.4383251190  0.6110989827  0.8202005731  0.7653547947  0.8319582327  0.5574712644  0.4483856209  0.5889933272  153.33333333  6.9530427766  23.261893272  4600          1.2339688015 
0.9023890785  0.8403668215  0.9088113400  0.7773224044  0.6537557528  0.7834708394  0.6253205941  0.3085190053  0.6208266714  0.6294813980  0.3187433646  0.6272132075  0.8937500000  0.7097877123  0.9031490016  0.6333333333  0.4674494375  0.6592002969  0.8839541547  0.8115665534  0.8902535772  0.7011494253  0.5062108618  0.6984299181  160.00000000  6.9556214166  23.261893272  4800          1.2358752739 
0.9716723549  0.9457041560  0.9716163313  0.8142076503  0.6638727636  0.8100971032  0.6092838421  0.3246139005  0.6238263066  0.6124577227  0.3287196948  0.6282725269  0.9041666667  0.7138845242  0.9120579317  0.6708333333  0.4915733177  0.6834449788  0.8946991404  0.8347465928  0.8996750080  0.6867816092  0.4942068477  0.6818540599  166.66666666  6.9473630929  23.261893272  5000          1.2349416196 
