Environment:
	Python: 3.8.11
	PyTorch: 1.9.0+cu102
	Torchvision: 0.10.0+cu102
	CUDA: 10.2
	CUDNN: 7605
	NumPy: 1.21.1
	PIL: 9.1.0
Args:
	algorithm: Clip_train_prompt_from_image_v2
	checkpoint_freq: None
	data_dir: /nfs/users/ext_group8/Dataset/224_data/
	dataset: DR
	holdout_fraction: 0.2
	hparams: {"weight_init":"clip_full","backbone":"ClipBase","lr":0.000005}
	hparams_seed: 0
	output_dir: ./domainbed/Outputs/V23_CLIP_COOP_3_LAYERS_MLP/39e52a63112d396b567555d0732a81ca
	save_best_model: True
	save_model_every_checkpoint: False
	seed: 968150860
	skip_model_save: False
	steps: None
	task: domain_generalization
	test_envs: [2]
	trial_seed: 0
	uda_holdout_fraction: 0
HParams:
	backbone: ClipBase
	batch_size: 32
	class_balanced: False
	data_augmentation: True
	lr: 5e-06
	nonlinear_classifier: False
	resnet18: False
	resnet_dropout: 0.0
	test_env: [2]
	weight_decay: 0.0
	weight_init: clip_full
device: cuda
2
True ****************************************************************************************************
transformer_width: 512 ;transformer_layers: 12 ;transformer_heads: 8
env0_in_acc   env0_in_f1m   env0_in_f1w   env0_out_acc  env0_out_f1m  env0_out_f1w  env1_in_acc   env1_in_f1m   env1_in_f1w   env1_out_acc  env1_out_f1m  env1_out_f1w  env2_in_acc   env2_in_f1m   env2_in_f1w   env2_out_acc  env2_out_f1m  env2_out_f1w  env3_in_acc   env3_in_f1m   env3_in_f1w   env3_out_acc  env3_out_f1m  env3_out_f1w  epoch         loss          mem_gb        step          step_time    
0.1982935154  0.1129899518  0.2031318468  0.1598360656  0.0971759716  0.1787386574  0.3609396578  0.1269838327  0.4264443588  0.3621758737  0.1280536641  0.4269953473  0.3541666667  0.1355961564  0.2806959708  0.3750000000  0.1430445688  0.3141841919  0.4777936963  0.1580122702  0.3959463031  0.4913793103  0.1393075356  0.4323337313  0.0000000000  11.552663803  22.054702758  0             2.2747228146 
0.6733788396  0.5351347847  0.6973004174  0.6202185792  0.4561739030  0.6523559167  0.6494039063  0.3165808222  0.6448152557  0.6467869222  0.3124435844  0.6440595636  0.3250000000  0.2781149222  0.2732503857  0.2791666667  0.2550414702  0.2439961444  0.4441260745  0.3875221166  0.4793453560  0.3908045977  0.3346271122  0.4337789997  6.6666666667  8.5455788946  23.261893272  200           1.2156485307 
0.7948805461  0.6447293609  0.7963432240  0.7363387978  0.5390853473  0.7466707854  0.6607057298  0.3625449339  0.6605069407  0.6617812852  0.3625517045  0.6614215241  0.3239583333  0.2789836214  0.2923214151  0.3000000000  0.2697264600  0.2962710657  0.5021489971  0.4879755236  0.5257868435  0.4942528736  0.4844627100  0.5337773513  13.333333333  8.2880842400  23.261893272  400           1.2066656005 
0.7945392491  0.6736243249  0.8010894421  0.7336065574  0.5796174542  0.7468414324  0.6954849074  0.3676533921  0.6759381001  0.6979706877  0.3739062761  0.6784950762  0.4895833333  0.3973209318  0.5179898662  0.5500000000  0.4322213442  0.6015947750  0.5737822350  0.4928015252  0.5956584672  0.5229885057  0.4822241111  0.5585455024  20.000000000  8.2073371291  23.261893272  600           1.2005451810 
0.8078498294  0.6930144810  0.8194478429  0.7759562842  0.6205677056  0.7880689366  0.7288266960  0.4126794332  0.7017966182  0.7289177001  0.4120868328  0.7017168838  0.3927083333  0.3389652077  0.3997733606  0.3833333333  0.3366039277  0.4267758876  0.5938395415  0.5779168931  0.6179495627  0.5316091954  0.4935095822  0.5734865624  26.666666666  8.1290771341  23.261893272  800           1.2000457013 
0.7791808874  0.6603653542  0.7903913443  0.7049180328  0.5583824754  0.7148836888  0.6786449085  0.3821310518  0.6741832618  0.6798759865  0.3886106606  0.6752579842  0.3843750000  0.3363319895  0.3822782423  0.3958333333  0.3571644042  0.4231633358  0.5916905444  0.5955709484  0.6172216990  0.4712643678  0.4883285661  0.5174449874  33.333333333  8.0885807657  23.261893272  1000          1.2006817806 
0.8460750853  0.7544048419  0.8526330701  0.7814207650  0.6435633221  0.7912230754  0.6857050252  0.4181760237  0.6825887374  0.6810597520  0.4107478214  0.6793410447  0.4531250000  0.3750804032  0.4948086952  0.4666666667  0.3752303441  0.5278786944  0.5823782235  0.5831099891  0.6112092063  0.5086206897  0.5223289316  0.5551824178  40.000000000  8.0406688786  23.261893272  1200          1.1987378621 
0.8778156997  0.7888637433  0.8811872217  0.8073770492  0.6482257213  0.8131877329  0.6823088414  0.4282873639  0.6864687605  0.6786358512  0.4211820598  0.6826873735  0.4604166667  0.3770863694  0.4939498684  0.5208333333  0.4033337497  0.5620164944  0.5766475645  0.6357388605  0.5994229727  0.4454022989  0.5209834754  0.4990311399  46.666666666  8.0123299503  23.261893272  1400          1.1993195212 
0.8542662116  0.7606305310  0.8602328504  0.7486338798  0.5955296292  0.7606089743  0.6572954539  0.4025894533  0.6705017197  0.6554114994  0.4021974483  0.6686734666  0.6427083333  0.4766355700  0.6573313502  0.6125000000  0.4274776790  0.6311446420  0.7485673352  0.7065919668  0.7565225071  0.6379310345  0.5753852008  0.6538222892  53.333333333  7.9476187873  23.261893272  1600          1.2008024681 
0.8699658703  0.7993773683  0.8754397267  0.7581967213  0.5986542842  0.7728404811  0.6063245117  0.3694166083  0.6336334447  0.6037204059  0.3678337321  0.6315149238  0.5093750000  0.4135145920  0.5458789237  0.5166666667  0.4104373711  0.5785026034  0.5752148997  0.5953458454  0.5989745704  0.4051724138  0.4070744071  0.4444184487  60.000000000  7.8911784792  23.261893272  1800          1.2000367904 
0.9054607509  0.8377691630  0.9065018682  0.8005464481  0.6464203134  0.8060113783  0.7344916998  0.4160118312  0.7070879269  0.7337091319  0.4100397114  0.7051591892  0.6114583333  0.4415621167  0.6203159695  0.6208333333  0.4340622215  0.6334053053  0.7865329513  0.7906143044  0.7928536719  0.6264367816  0.5370643472  0.6398369145  66.666666666  7.8187908745  23.261893272  2000          1.1984388149 
0.9252559727  0.8713209866  0.9257062476  0.7950819672  0.6357414986  0.8019829373  0.7191736422  0.4189358078  0.7008660658  0.7160090192  0.4181072935  0.6974687727  0.6375000000  0.4605262203  0.6449053273  0.6250000000  0.4278119119  0.6363464399  0.8531518625  0.8569694569  0.8565454959  0.6724137931  0.6059285268  0.6803959203  73.333333333  7.8081314826  23.261893272  2200          1.2003603601 
0.9307167235  0.8751665615  0.9312763745  0.7978142077  0.6344439033  0.8040081938  0.7146782785  0.4309843819  0.7024382606  0.7102029312  0.4290790833  0.6970577887  0.5770833333  0.4379706476  0.6009426276  0.5833333333  0.4319845224  0.6148937114  0.8166189112  0.8180377608  0.8261212139  0.5862068966  0.5174342824  0.6191936174  80.000000000  7.7381010580  23.261893272  2400          1.2008850646 
0.9313993174  0.8870486898  0.9323558695  0.7691256831  0.5959521655  0.7792259892  0.6908627153  0.3965860699  0.6846465786  0.6907553551  0.3989502277  0.6827595046  0.6354166667  0.4637442415  0.6457727307  0.6250000000  0.4395066045  0.6395474780  0.8624641834  0.8502548635  0.8671665944  0.6063218391  0.5853386322  0.6384779108  86.666666666  7.7005050778  23.261893272  2600          1.2265313065 
0.9327645051  0.8851235309  0.9339114331  0.7882513661  0.6224140234  0.7982532645  0.7026718525  0.3659558650  0.6843031238  0.7016347238  0.3582248963  0.6800857092  0.6541666667  0.4823350457  0.6645135559  0.6708333333  0.4733090891  0.6829325300  0.8495702006  0.8272316565  0.8564728358  0.5833333333  0.4791316987  0.6146012193  93.333333333  7.6738421869  23.261893272  2800          1.2244729686 
0.9464163823  0.9121250510  0.9472885357  0.8128415301  0.6498589842  0.8146300567  0.7363377582  0.4481671202  0.7176490958  0.7307215333  0.4390159429  0.7104568807  0.6041666667  0.4490926826  0.6190044965  0.6250000000  0.4442047424  0.6417231657  0.8581661891  0.8602124485  0.8647943795  0.6149425287  0.5955509173  0.6442340229  100.00000000  7.6048382998  23.261893272  3000          1.2210928237 
0.9331058020  0.9008076070  0.9355025840  0.7896174863  0.6152715130  0.7987679143  0.6948366731  0.4204840396  0.6927718874  0.6932919955  0.4147069949  0.6895238287  0.6770833333  0.5021131799  0.6870875243  0.6958333333  0.5009910567  0.7089213925  0.8882521490  0.8835379531  0.8916892094  0.6149425287  0.5753649527  0.6328654348  106.66666666  7.5948207879  23.261893272  3200          1.2237220705 
0.9505119454  0.9159853640  0.9512276247  0.7882513661  0.6240494268  0.7959088719  0.7430455737  0.4390786121  0.7162806143  0.7361894025  0.4277108756  0.7077636453  0.6583333333  0.4784271040  0.6621176728  0.6625000000  0.4643778245  0.6702642066  0.9140401146  0.9063260904  0.9162052452  0.6264367816  0.5717159355  0.6409978594  113.33333333  7.5810888052  23.261893272  3400          1.2201943946 
0.9624573379  0.9379737201  0.9628080704  0.8155737705  0.6537418644  0.8159821621  0.6549138976  0.4500645259  0.6782769334  0.6445885006  0.4340327323  0.6679973719  0.5656250000  0.4299483799  0.5866799646  0.5583333333  0.4052556436  0.5956437611  0.8001432665  0.8362013422  0.8128531212  0.5201149425  0.5637377630  0.5727270403  120.00000000  7.5499127579  23.261893272  3600          1.2237727940 
0.9617747440  0.9370775519  0.9619600998  0.8278688525  0.6732470821  0.8283935804  0.6462331952  0.4226071143  0.6693467306  0.6354565953  0.4093994335  0.6590444074  0.5791666667  0.4375482531  0.6000157080  0.5750000000  0.4199645417  0.6090792751  0.8646131805  0.8914591933  0.8717458633  0.5258620690  0.5358445406  0.5645353310  126.66666666  7.5380957747  23.261893272  3800          1.2196863592 
0.9703071672  0.9464569904  0.9703452775  0.8224043716  0.6668376821  0.8238564074  0.7120853415  0.4344606922  0.7028003323  0.7055242390  0.4241703097  0.6962388625  0.6520833333  0.4748429404  0.6573022744  0.6583333333  0.4601726843  0.6653220879  0.9455587393  0.9377220700  0.9463701467  0.6551724138  0.5841087615  0.6686219496  133.33333333  7.5340949893  23.261893272  4000          1.2231100833 
0.9686006826  0.9460716374  0.9687399296  0.8169398907  0.6506725224  0.8170486292  0.7391561681  0.4414420317  0.7157090876  0.7313979707  0.4264873081  0.7071447695  0.6229166667  0.4625364634  0.6362198486  0.6375000000  0.4473681099  0.6506961421  0.9426934097  0.9286988334  0.9434617920  0.6465517241  0.5440278391  0.6539105702  140.00000000  7.5005256057  23.261893272  4200          1.2242949557 
0.9614334471  0.9345394011  0.9619937576  0.8196721311  0.6669930032  0.8257095775  0.6996702460  0.4257827513  0.6974191626  0.6925591883  0.4120677752  0.6893433649  0.6593750000  0.4839570020  0.6683351539  0.6541666667  0.4599568235  0.6669482244  0.9391117479  0.9110883044  0.9405334895  0.6436781609  0.5642331667  0.6481949180  146.66666666  7.4967685032  23.261893272  4400          1.2257878244 
0.9638225256  0.9371867065  0.9642533859  0.8060109290  0.6176969630  0.8122852426  0.7000366393  0.4359402931  0.7029945947  0.6902480271  0.4129424783  0.6931967040  0.6489583333  0.4601404783  0.6459032621  0.6333333333  0.4219852823  0.6274215645  0.9598853868  0.9398725758  0.9600951416  0.7011494253  0.5497504710  0.6975713264  153.33333333  7.4925784016  23.261893272  4600          1.2252201068 
0.9730375427  0.9521125068  0.9733350439  0.8005464481  0.6525130206  0.8045944948  0.6676812942  0.4041409483  0.6780164979  0.6621758737  0.3907877923  0.6721122244  0.6531250000  0.4753029277  0.6593037789  0.6458333333  0.4467035570  0.6538446061  0.9641833811  0.9546791856  0.9648497859  0.6149425287  0.5050683795  0.6311299365  160.00000000  7.4770909715  23.261893272  4800          1.2236713111 
0.9641638225  0.9423516815  0.9646281489  0.8306010929  0.6531622133  0.8274891410  0.7428341929  0.4628417755  0.7233063563  0.7377677565  0.4522184923  0.7173437560  0.6218750000  0.4615956768  0.6370221284  0.6583333333  0.4625822621  0.6693990689  0.9255014327  0.9197290542  0.9282546555  0.5948275862  0.5583335600  0.6225845964  166.66666666  7.4547883987  23.261893272  5000          1.2196270370 
