Environment:
	Python: 3.8.11
	PyTorch: 1.9.0+cu102
	Torchvision: 0.10.0+cu102
	CUDA: 10.2
	CUDNN: 7605
	NumPy: 1.21.1
	PIL: 9.1.0
Args:
	algorithm: Clip_train_prompt_from_image_v2
	checkpoint_freq: None
	data_dir: /nfs/users/ext_group8/Dataset/224_data/
	dataset: DR
	holdout_fraction: 0.2
	hparams: {"weight_init":"clip_full","backbone":"ClipBase","lr":0.000005}
	hparams_seed: 0
	output_dir: ./domainbed/Outputs/V23_CLIP_COOP_3_LAYERS_MLP/953efb1f2078420babfc3f7e3df65fdc
	save_best_model: True
	save_model_every_checkpoint: False
	seed: 1841243334
	skip_model_save: False
	steps: None
	task: domain_generalization
	test_envs: [1]
	trial_seed: 2
	uda_holdout_fraction: 0
HParams:
	backbone: ClipBase
	batch_size: 32
	class_balanced: False
	data_augmentation: True
	lr: 5e-06
	nonlinear_classifier: False
	resnet18: False
	resnet_dropout: 0.0
	test_env: [1]
	weight_decay: 0.0
	weight_init: clip_full
device: cuda
1
True ****************************************************************************************************
transformer_width: 512 ;transformer_layers: 12 ;transformer_heads: 8
env0_in_acc   env0_in_f1m   env0_in_f1w   env0_out_acc  env0_out_f1m  env0_out_f1w  env1_in_acc   env1_in_f1m   env1_in_f1w   env1_out_acc  env1_out_f1m  env1_out_f1w  env2_in_acc   env2_in_f1m   env2_in_f1w   env2_out_acc  env2_out_f1m  env2_out_f1w  env3_in_acc   env3_in_f1m   env3_in_f1w   env3_out_acc  env3_out_f1m  env3_out_f1w  epoch         loss          mem_gb        step          step_time    
0.1505119454  0.0953853302  0.1469841705  0.1557377049  0.1080054941  0.1591774481  0.0539725487  0.0335674120  0.0705370421  0.0560315671  0.0335335867  0.0749138262  0.3281250000  0.1508988391  0.2835290216  0.3083333333  0.1249513546  0.2801071446  0.3381088825  0.1314224456  0.3345722201  0.3074712644  0.1262250712  0.3078241150  0.0000000000  11.228082656  22.054702758  0             2.2282273769 
0.7501706485  0.5393434386  0.7487721364  0.7213114754  0.5085000309  0.7228736950  0.6964854429  0.3054780486  0.6468420336  0.6931228861  0.3122775622  0.6438723359  0.4416666667  0.3183036577  0.4339984309  0.4083333333  0.2969636278  0.4095246024  0.5487106017  0.4050119394  0.5498841880  0.4885057471  0.3119252008  0.4958614817  6.6666666667  8.4148636937  23.261893272  200           1.2002678335 
0.7836177474  0.5877785191  0.7848453384  0.7322404372  0.5166302114  0.7324928698  0.6694005242  0.3158095881  0.6505499887  0.6625704622  0.3139083997  0.6439849496  0.5104166667  0.4013450525  0.5420372957  0.4541666667  0.3516392033  0.4863532854  0.5924068768  0.4961648674  0.5992091203  0.5459770115  0.4277754052  0.5634301441  13.333333333  8.0977356362  23.261893272  400           1.1886333704 
0.8058020478  0.6501076647  0.8087920314  0.7704918033  0.5891286186  0.7723529992  0.6911868324  0.3291076711  0.6618478528  0.6895152198  0.3364726051  0.6595168433  0.6322916667  0.4895157924  0.6551238554  0.5208333333  0.3884334282  0.5493495173  0.6712034384  0.5567565411  0.6738198106  0.6091954023  0.5009707294  0.6089552378  20.000000000  7.9693551111  23.261893272  600           1.1830764389 
0.8221843003  0.6595388151  0.8235547525  0.7622950820  0.5804869334  0.7662203648  0.6213607283  0.3292343243  0.6366701037  0.6191093574  0.3385778889  0.6347135956  0.5968750000  0.4727025847  0.6245248073  0.4833333333  0.3840718352  0.5254060942  0.6418338109  0.6119176420  0.6645671473  0.5459770115  0.5061076900  0.5687091008  26.666666666  7.8667605853  23.261893272  800           1.1834129453 
0.8034129693  0.6519309099  0.8100576833  0.7527322404  0.5740751363  0.7569062717  0.6845776613  0.3186696075  0.6543210951  0.6827508455  0.3154311923  0.6523982117  0.6833333333  0.4719010913  0.6571530295  0.5416666667  0.3407264026  0.5231196685  0.7091690544  0.5636525543  0.6651450542  0.6034482759  0.4086753604  0.5476457656  33.333333333  7.7361090326  23.261893272  1000          1.1841739428 
0.8590443686  0.7543546044  0.8617023168  0.7814207650  0.6169459376  0.7858853859  0.4869366703  0.3077955773  0.5458663247  0.4835963923  0.3106859455  0.5431729088  0.7250000000  0.5666833401  0.7381798508  0.5208333333  0.4100412728  0.5535740359  0.7106017192  0.6161396698  0.7255920057  0.5258620690  0.4219235034  0.5492757123  40.000000000  7.6444716716  23.261893272  1200          1.1835381198 
0.8467576792  0.6919688056  0.8467832478  0.7622950820  0.5416443635  0.7553936626  0.6386234886  0.3028575782  0.6335460337  0.6360202931  0.3024699478  0.6313639997  0.7927083333  0.6152358739  0.8019767327  0.6000000000  0.4369747150  0.6201541430  0.7808022923  0.6706076398  0.7841922781  0.6206896552  0.4807451154  0.6131067838  46.666666666  7.5389137244  23.261893272  1400          1.1832405508 
0.9054607509  0.8327789635  0.9055653500  0.8019125683  0.6508882516  0.8012047431  0.4864575407  0.3071434865  0.5432906791  0.4854002255  0.3179712640  0.5424655727  0.7781250000  0.6021414312  0.7875237813  0.6041666667  0.4591433041  0.6262153379  0.7858166189  0.6981238340  0.7949587624  0.6091954023  0.4697654131  0.6058409592  53.333333333  7.4164497232  23.261893272  1600          1.1832163835 
0.8771331058  0.7785303166  0.8813722172  0.7827868852  0.6004468522  0.7814197860  0.6052817001  0.3170896181  0.6202071972  0.6006764374  0.3242203979  0.6163747230  0.8062500000  0.6298913435  0.8179450324  0.5333333333  0.4164477010  0.5674933066  0.8159025788  0.7349853861  0.8257848285  0.6063218391  0.5045946829  0.6195824522  60.000000000  7.3644011235  23.261893272  1800          1.1832296598 
0.9081911263  0.8088947341  0.9054973089  0.8032786885  0.6172733129  0.7928283588  0.6085933316  0.3072389960  0.6140623461  0.6061443067  0.3081107596  0.6114021390  0.7989583333  0.6206530701  0.8125469017  0.5500000000  0.4116086011  0.5844582412  0.8373925501  0.7650770694  0.8394130192  0.6637931034  0.5366888726  0.6619214312  66.666666666  7.2792898345  23.261893272  2000          1.1841657853 
0.9255972696  0.8690737502  0.9257889253  0.8005464481  0.6667441618  0.8016509414  0.6392717229  0.3172441905  0.6289300700  0.6416009019  0.3189900024  0.6294663166  0.8229166667  0.6465966977  0.8360495695  0.5750000000  0.4410924090  0.6048823467  0.8696275072  0.8031277454  0.8750539047  0.6408045977  0.5054943623  0.6453718572  73.333333333  7.2240634274  23.261893272  2200          1.1840212560 
0.9119453925  0.8401927433  0.9133420566  0.7923497268  0.6407559417  0.7906671734  0.6509399397  0.3049850134  0.6339629638  0.6519165727  0.3183674125  0.6352582537  0.8375000000  0.6605027731  0.8528339323  0.6250000000  0.4862200112  0.6552317050  0.8545845272  0.7847360208  0.8607303403  0.6551724138  0.5215760625  0.6549778741  80.000000000  7.2058286047  23.261893272  2400          1.1835126626 
0.9078498294  0.8340791922  0.9115517775  0.7759562842  0.6036954271  0.7772252789  0.5823116598  0.3212135086  0.6054614434  0.5802142052  0.3263508571  0.6050358551  0.8708333333  0.6845408268  0.8796232590  0.6458333333  0.4858141059  0.6646014907  0.8502865330  0.7804743224  0.8589741317  0.6264367816  0.4870547813  0.6306200244  86.666666666  7.1566027880  23.261893272  2600          1.1883943260 
0.9180887372  0.8375723171  0.9177444137  0.7882513661  0.6023364223  0.7850923601  0.5080042840  0.3052082767  0.5589510487  0.5043968433  0.3083865716  0.5558128366  0.8260416667  0.6524052140  0.8391574239  0.5708333333  0.4685712934  0.6071194364  0.8395415473  0.7604488328  0.8509126212  0.6005747126  0.4897714563  0.6175576532  93.333333333  7.1207804608  23.261893272  2800          1.1939955401 
0.9505119454  0.9021445245  0.9501222031  0.8196721311  0.6599155131  0.8160936418  0.6182322933  0.3229773470  0.6255619254  0.6161217587  0.3201808403  0.6225260293  0.8656250000  0.6825524589  0.8720439850  0.6333333333  0.4771211864  0.6544572641  0.8610315186  0.8005427997  0.8686557604  0.6350574713  0.5168738508  0.6420707062  100.00000000  7.0831018472  23.261893272  3000          1.1930310154 
0.9552901024  0.9203632452  0.9553724649  0.8155737705  0.6670279272  0.8121964730  0.5594261718  0.3178037295  0.5908457056  0.5534385569  0.3230425315  0.5861294439  0.8739583333  0.6889152881  0.8805912687  0.6416666667  0.4908384298  0.6643202327  0.8309455587  0.7408745961  0.8429162701  0.5890804598  0.4668756662  0.6080549348  106.66666666  7.0424263144  23.261893272  3200          1.1900610983 
0.9436860068  0.9005630010  0.9449651944  0.8005464481  0.6754920880  0.8045419219  0.6384121079  0.3258906246  0.6340190474  0.6345546787  0.3258899216  0.6301935359  0.8760416667  0.6902843340  0.8871117806  0.5875000000  0.4500460775  0.6207667911  0.8796561605  0.8069561957  0.8867061159  0.6350574713  0.5130461636  0.6389288196  113.33333333  7.0179527450  23.261893272  3400          1.1915084291 
0.9539249147  0.9276442919  0.9545167197  0.8183060109  0.6946338181  0.8200812874  0.5669795102  0.3154494063  0.5956337044  0.5618376550  0.3135424458  0.5909237125  0.8687500000  0.6814034492  0.8775378669  0.6166666667  0.4629590407  0.6429755285  0.8617478510  0.7585547503  0.8725145817  0.6235632184  0.5168132164  0.6347102973  120.00000000  7.0177082157  23.261893272  3600          1.1874250042 
0.9645051195  0.9373556767  0.9646522771  0.8155737705  0.6843044772  0.8148227851  0.6810264649  0.3148235975  0.6495054865  0.6813416009  0.3220052251  0.6499719793  0.9093750000  0.7144810614  0.9147201228  0.6625000000  0.4910835191  0.6814279756  0.8810888252  0.8147212814  0.8859169114  0.6839080460  0.5204450669  0.6743899603  126.66666666  6.9829443264  23.261893272  3800          1.1911464322 
0.9624573379  0.9308353265  0.9628958509  0.8046448087  0.6614887851  0.8067713753  0.6814069502  0.3014096277  0.6495138889  0.6787485908  0.3125339028  0.6479987638  0.9145833333  0.7220834250  0.9211853970  0.6791666667  0.5085380448  0.6936597170  0.8904011461  0.8198918581  0.8975023901  0.6637931034  0.5125743185  0.6548307027  133.33333333  6.9699567175  23.261893272  4000          1.1921561491 
0.9706484642  0.9450415780  0.9706419738  0.8237704918  0.6774212874  0.8211174421  0.6214734647  0.3271354765  0.6265912035  0.6153889515  0.3270932039  0.6219907213  0.9135416667  0.7216579274  0.9198018736  0.7041666667  0.5337954286  0.7183290027  0.8818051576  0.8016379192  0.8893265270  0.6609195402  0.5140930487  0.6513384796  140.00000000  6.9624569249  23.261893272  4200          1.1927668238 
0.9624573379  0.9406054429  0.9630323555  0.8114754098  0.6717258213  0.8134985851  0.5958118430  0.3200995056  0.6122287883  0.5941939121  0.3220022686  0.6100192372  0.8697916667  0.6816762354  0.8805133667  0.6250000000  0.4897335464  0.6550300168  0.8968481375  0.8072629806  0.9030989923  0.6494252874  0.5288421033  0.6548410656  146.66666666  6.9564389944  23.261893272  4400          1.1920741069 
0.9655290102  0.9344957850  0.9664014416  0.8183060109  0.6885927076  0.8209793705  0.6760237874  0.3256139225  0.6484600312  0.6715332582  0.3287380420  0.6464076136  0.9281250000  0.7316886064  0.9324655347  0.6833333333  0.5137004126  0.7033991545  0.8954154728  0.8218484296  0.9019986983  0.6752873563  0.5228469765  0.6676612236  153.33333333  6.9283556771  23.261893272  4600          1.1927331591 
0.9614334471  0.9340703817  0.9619539994  0.8155737705  0.6485960001  0.8119601397  0.6288576985  0.3100397301  0.6262816428  0.6237880496  0.3133916485  0.6224661670  0.9083333333  0.7138333551  0.9144434178  0.6583333333  0.4941393416  0.6761675541  0.9040114613  0.8293291612  0.9089877860  0.6666666667  0.5513989390  0.6683919896  160.00000000  6.9646009827  23.261893272  4800          1.1942490470 
0.9675767918  0.9421162167  0.9677626824  0.8292349727  0.6836877828  0.8270364051  0.6198669711  0.3086618784  0.6193796812  0.6195603157  0.3162742844  0.6189217089  0.9052083333  0.7141435910  0.9114902294  0.6416666667  0.4875795057  0.6655485726  0.8746418338  0.7821915798  0.8849311226  0.6178160920  0.5051618611  0.6289560634  166.66666666  6.9114784312  23.261893272  5000          1.1928944683 
