Environment:
	Python: 3.8.11
	PyTorch: 1.9.0+cu102
	Torchvision: 0.10.0+cu102
	CUDA: 10.2
	CUDNN: 7605
	NumPy: 1.21.1
	PIL: 9.1.0
Args:
	algorithm: Clip_train_prompt_from_image_v2
	checkpoint_freq: None
	data_dir: /nfs/users/ext_group8/Dataset/224_data/
	dataset: DR
	holdout_fraction: 0.2
	hparams: {"weight_init":"clip_full","backbone":"ClipBase","lr":0.000005}
	hparams_seed: 0
	output_dir: ./domainbed/Outputs/V23_CLIP_COOP_3_LAYERS_MLP/8300a48dd4c73916c40d6a63ef24c48d
	save_best_model: True
	save_model_every_checkpoint: False
	seed: 1188160076
	skip_model_save: False
	steps: None
	task: domain_generalization
	test_envs: [0]
	trial_seed: 0
	uda_holdout_fraction: 0
HParams:
	backbone: ClipBase
	batch_size: 32
	class_balanced: False
	data_augmentation: True
	lr: 5e-06
	nonlinear_classifier: False
	resnet18: False
	resnet_dropout: 0.0
	test_env: [0]
	weight_decay: 0.0
	weight_init: clip_full
device: cuda
0
True ****************************************************************************************************
transformer_width: 512 ;transformer_layers: 12 ;transformer_heads: 8
env0_in_acc   env0_in_f1m   env0_in_f1w   env0_out_acc  env0_out_f1m  env0_out_f1w  env1_in_acc   env1_in_f1m   env1_in_f1w   env1_out_acc  env1_out_f1m  env1_out_f1w  env2_in_acc   env2_in_f1m   env2_in_f1w   env2_out_acc  env2_out_f1m  env2_out_f1w  env3_in_acc   env3_in_f1m   env3_in_f1w   env3_out_acc  env3_out_f1m  env3_out_f1w  epoch         loss          mem_gb        step          step_time    
0.0873720137  0.0321406152  0.0140409513  0.0532786885  0.0202334630  0.0053900619  0.0217863082  0.0092503371  0.0013911750  0.0216459977  0.0087789643  0.0015677133  0.0000000000  0.0000000000  0.0000000000  0.0000000000  0.0000000000  0.0000000000  0.0214899713  0.0084210526  0.0009048409  0.0143678161  0.0056818182  0.0004081766  0.0000000000  9.6354351044  22.054702758  0             3.9936203957 
0.0993174061  0.1283174827  0.0868096802  0.0956284153  0.1208764129  0.0797117140  0.6127504862  0.2550658047  0.6241444142  0.6132468997  0.2546557912  0.6248169204  0.3541666667  0.2982184250  0.3187350975  0.2875000000  0.2499405317  0.2711318026  0.4455587393  0.3923541770  0.4787128936  0.4224137931  0.3314200661  0.4752334412  6.6666666667  8.7496159649  23.261893272  200           1.1970246160 
0.1866894198  0.2074473359  0.2239551928  0.1734972678  0.1893109581  0.2064799634  0.5585524647  0.2663653630  0.5907053617  0.5642615558  0.2680725449  0.5958991247  0.4083333333  0.3345541236  0.4215281193  0.3416666667  0.2782060512  0.3708156336  0.4598853868  0.3790779728  0.4938175347  0.4454022989  0.3242805777  0.5014621404  13.333333333  8.5230805540  23.261893272  400           1.2032366323 
0.2580204778  0.2570251088  0.3216753857  0.2691256831  0.2592526456  0.3263847320  0.6548998055  0.2744234918  0.6518966344  0.6541713641  0.2740510590  0.6508045759  0.5208333333  0.4286871234  0.5505263255  0.3291666667  0.2838346805  0.3677770068  0.5838108883  0.5145816287  0.6038030474  0.4942528736  0.3645994051  0.5362753526  20.000000000  8.4376962423  23.261893272  600           1.1920464063 
0.3989761092  0.3478112079  0.4692771255  0.3811475410  0.3199060247  0.4381790519  0.7282348299  0.2905622604  0.6818709895  0.7295941375  0.2911651865  0.6828000531  0.6166666667  0.4894068192  0.6478002133  0.4666666667  0.3561168831  0.5174989177  0.6812320917  0.5847360186  0.6894951053  0.6522988506  0.4631626244  0.6701306778  26.666666666  8.3314211392  23.261893272  800           1.1912762153 
0.3863481229  0.3095856387  0.4389840211  0.3797814208  0.2808567181  0.4180372396  0.6413009780  0.2819704359  0.6459198015  0.6432919955  0.2822670648  0.6468190253  0.6697916667  0.5023779470  0.6795579033  0.5708333333  0.4031703101  0.6004517573  0.6518624642  0.4971938986  0.6632076661  0.5804597701  0.3719289885  0.5948957673  33.333333333  8.2513678145  23.261893272  1000          1.1937800610 
0.4720136519  0.3591620573  0.5199604540  0.4412568306  0.3124962212  0.4771019926  0.5665708407  0.2604333390  0.5974756827  0.5708568207  0.2597230392  0.6010418769  0.7750000000  0.6023808786  0.7868791988  0.5958333333  0.4315073476  0.6214280518  0.7113180516  0.5690143707  0.7186213957  0.6408045977  0.4482615484  0.6422283150  40.000000000  8.1551776457  23.261893272  1200          1.1923210979 
0.2262798635  0.2281981716  0.2761253376  0.2254098361  0.2312201703  0.2669839089  0.5911896508  0.3598377158  0.6240653944  0.5844983089  0.3565796364  0.6180298734  0.6968750000  0.5551686271  0.7148585000  0.4875000000  0.3888132359  0.5273760563  0.7213467049  0.6722635983  0.7363793656  0.6063218391  0.4573086463  0.6340012416  46.666666666  8.0567173862  23.261893272  1400          1.1933155084 
0.4856655290  0.3649894232  0.5335120367  0.4699453552  0.3533723418  0.5169768851  0.6083114907  0.3034498429  0.6308585541  0.6099210823  0.2967416655  0.6306666160  0.7958333333  0.6183002580  0.8071718572  0.6125000000  0.4273526169  0.6332503729  0.7621776504  0.6669907659  0.7678523237  0.6580459770  0.4651573615  0.6668353151  53.333333333  7.9931691551  23.261893272  1600          1.1948288834 
0.3955631399  0.3113791277  0.4559477241  0.3647540984  0.2894897259  0.4176748412  0.6903413094  0.3148931457  0.6764931899  0.6927846674  0.3106936881  0.6772789328  0.8406250000  0.6570688940  0.8487900788  0.5750000000  0.4219911079  0.6106419453  0.7965616046  0.6911135842  0.8024256403  0.6954022989  0.4708435079  0.6955445197  60.000000000  7.9097237802  23.261893272  1800          1.1933104217 
0.3662116041  0.3258321383  0.4328239132  0.3360655738  0.2912758367  0.3953549298  0.7040105972  0.3435074243  0.6891842189  0.7009019166  0.3337157654  0.6862457541  0.8312500000  0.6562632681  0.8474175318  0.5833333333  0.4427720474  0.6212324965  0.8166189112  0.7533744638  0.8253647017  0.6465517241  0.4939054016  0.6688787238  66.666666666  7.8397352505  23.261893272  2000          1.1966276705 
0.4187713311  0.2826163711  0.4642946947  0.4016393443  0.2612217296  0.4418063751  0.7271074660  0.3540481069  0.6950606873  0.7262683202  0.3467224125  0.6939238928  0.8625000000  0.6754346599  0.8687159330  0.6250000000  0.4544314126  0.6408442652  0.8223495702  0.7215384121  0.8282149725  0.6925287356  0.5015933099  0.6930927497  73.333333333  7.8250341368  23.261893272  2200          1.1967984462 
0.4774744027  0.3342209630  0.5076442201  0.4672131148  0.3100578345  0.4844054182  0.6649192526  0.3188938146  0.6652404194  0.6589064262  0.3097305515  0.6583168485  0.8833333333  0.6964407675  0.8930262756  0.6708333333  0.4693820540  0.6758704789  0.8302292264  0.7485918069  0.8368922494  0.6954022989  0.5195778146  0.6926700602  80.000000000  7.7384367108  23.261893272  2400          1.1978751802 
0.4133105802  0.3287233238  0.4731225427  0.3920765027  0.3023061682  0.4425476553  0.6840421634  0.3479644316  0.6809751801  0.6852874859  0.3494586533  0.6815260062  0.8583333333  0.6767230636  0.8701510428  0.6041666667  0.4459408489  0.6345063729  0.8488538682  0.7773577182  0.8568243196  0.6465517241  0.4591124765  0.6538061103  86.666666666  7.7461011767  23.261893272  2600          1.1972134411 
0.4662116041  0.3058615845  0.4818318702  0.4535519126  0.2807895021  0.4652202406  0.6645387672  0.2760788007  0.6584541639  0.6621758737  0.2740005326  0.6547910002  0.8677083333  0.6896879414  0.8846510056  0.6625000000  0.4756276472  0.6727640391  0.8416905444  0.7395856892  0.8458567071  0.7212643678  0.5047257457  0.7057500793  93.333333333  7.6996139503  23.261893272  2800          1.1985942841 
0.3320819113  0.2640973071  0.3935001386  0.3101092896  0.2552815664  0.3679547081  0.6036752064  0.3717406915  0.6252868795  0.6040022548  0.3684663158  0.6257542717  0.8875000000  0.7003601066  0.8940995109  0.6083333333  0.4438690685  0.6408489025  0.8553008596  0.7663888535  0.8636862357  0.6896551724  0.4963774160  0.6988902512  100.00000000  7.7037726951  23.261893272  3000          1.1961108601 
0.4085324232  0.3348665108  0.4676037286  0.3811475410  0.2957964085  0.4353794232  0.6823652095  0.3461212640  0.6813812026  0.6788613303  0.3365594551  0.6780502573  0.8635416667  0.6814860216  0.8784109496  0.6375000000  0.4658779628  0.6655059621  0.8760744986  0.8098483840  0.8807847663  0.7126436782  0.4863321047  0.7065990809  106.66666666  7.6564148378  23.261893272  3200          1.1952080417 
0.4279863481  0.3294800656  0.4720200169  0.4084699454  0.2922000377  0.4456651383  0.6813223979  0.3079328804  0.6735512513  0.6786358512  0.3026999367  0.6710231175  0.8708333333  0.6898934813  0.8826385518  0.6500000000  0.4766272475  0.6732752250  0.8689111748  0.8084421885  0.8732051411  0.7011494253  0.4599672681  0.6971514583  113.33333333  7.6551533532  23.261893272  3400          1.1962597334 
0.3341296928  0.2911406492  0.3973161813  0.3101092896  0.2651084637  0.3659122351  0.7031227981  0.2865800678  0.6777984099  0.7040586246  0.2863800685  0.6777804377  0.8812500000  0.6963406861  0.8918565356  0.6416666667  0.4710900669  0.6695799277  0.8502865330  0.7477164402  0.8573324368  0.7040229885  0.4562638957  0.7046084950  120.00000000  7.6475523901  23.261893272  3600          1.1945449913 
0.4361774744  0.3442384128  0.4933284029  0.4289617486  0.3262169065  0.4796990852  0.6802936783  0.3399129347  0.6790290137  0.6792559188  0.3388175335  0.6781738742  0.8791666667  0.6925202678  0.8899302261  0.6458333333  0.4631095186  0.6658847983  0.8846704871  0.8149829459  0.8904248918  0.7097701149  0.4750312123  0.7106000098  126.66666666  7.6429088879  23.261893272  3800          1.1937699068 
0.5436860068  0.3815457958  0.5730005251  0.5245901639  0.3613209905  0.5489141142  0.7373101096  0.3725284052  0.7124302125  0.7352874859  0.3696682316  0.7097058434  0.8708333333  0.6809787136  0.8769368844  0.6541666667  0.4714930749  0.6630265719  0.9004297994  0.8527253287  0.9021435397  0.7442528736  0.5103007322  0.7303931883  133.33333333  7.6429121280  23.261893272  4000          1.1961525023 
0.3931740614  0.2840739594  0.4475293796  0.3756830601  0.2636835890  0.4258153849  0.7224993659  0.4114589337  0.7107902007  0.7188275085  0.4062377051  0.7063269600  0.8562500000  0.6715221887  0.8672669743  0.5875000000  0.4249548548  0.6185084080  0.8911174785  0.8412066129  0.8961440354  0.7068965517  0.4974969950  0.7078106311  140.00000000  7.6103997946  23.261893272  4200          1.1964647377 
0.3406143345  0.2883184823  0.4031082170  0.3292349727  0.2667986816  0.3836090765  0.7168625462  0.3855247447  0.7057177526  0.7127395716  0.3736782677  0.7007984708  0.8770833333  0.6935172931  0.8889289844  0.6208333333  0.4583325751  0.6539739986  0.8818051576  0.8280321142  0.8879710674  0.6839080460  0.5027938243  0.6867910468  146.66666666  7.6091742277  23.261893272  4400          1.1962575209 
0.4068259386  0.3395438771  0.4637716325  0.3661202186  0.2828631523  0.4169258002  0.7125785632  0.3161992298  0.6902819840  0.7065952649  0.3065772097  0.6839230411  0.8739583333  0.6909137818  0.8865418046  0.6333333333  0.4537014078  0.6554444353  0.8954154728  0.8346403758  0.9003384682  0.7298850575  0.4913923926  0.7215427008  153.33333333  7.5817747426  23.261893272  4600          1.1948502100 
0.3430034130  0.2507800965  0.3954545572  0.3374316940  0.2334035185  0.3813791249  0.6171472055  0.3027387895  0.6429621508  0.6151071026  0.2971225075  0.6403044500  0.9125000000  0.7196529502  0.9179891194  0.6083333333  0.4348147589  0.6283914060  0.8753581662  0.7850863309  0.8822684319  0.7068965517  0.4764226395  0.7081783000  160.00000000  7.5827965093  23.261893272  4800          1.1924281716 
0.3989761092  0.3244412628  0.4579083193  0.3743169399  0.3054716931  0.4276043847  0.7098587977  0.3196883707  0.6923915532  0.7050169109  0.3108405032  0.6875526155  0.8791666667  0.6982999120  0.8924063951  0.6333333333  0.4580244919  0.6628894142  0.8724928367  0.8033844927  0.8812192883  0.7011494253  0.4704332182  0.6986940668  166.66666666  7.5731275249  23.261893272  5000          1.1956633818 
