Environment:
	Python: 3.8.11
	PyTorch: 1.9.0+cu102
	Torchvision: 0.10.0+cu102
	CUDA: 10.2
	CUDNN: 7605
	NumPy: 1.21.1
	PIL: 9.1.0
Args:
	algorithm: Clip_train_prompt_from_image_v2
	checkpoint_freq: None
	data_dir: /nfs/users/ext_group8/Dataset/224_data/
	dataset: DR
	holdout_fraction: 0.2
	hparams: {"weight_init":"clip_full","backbone":"ClipBase","lr":0.000005}
	hparams_seed: 0
	output_dir: ./domainbed/Outputs/V23_CLIP_COOP_3_LAYERS_MLP/e4658682199f12df39a560afed45c4d7
	save_best_model: True
	save_model_every_checkpoint: False
	seed: 1904183989
	skip_model_save: False
	steps: None
	task: domain_generalization
	test_envs: [2]
	trial_seed: 1
	uda_holdout_fraction: 0
HParams:
	backbone: ClipBase
	batch_size: 32
	class_balanced: False
	data_augmentation: True
	lr: 5e-06
	nonlinear_classifier: False
	resnet18: False
	resnet_dropout: 0.0
	test_env: [2]
	weight_decay: 0.0
	weight_init: clip_full
device: cuda
2
True ****************************************************************************************************
transformer_width: 512 ;transformer_layers: 12 ;transformer_heads: 8
env0_in_acc   env0_in_f1m   env0_in_f1w   env0_out_acc  env0_out_f1m  env0_out_f1w  env1_in_acc   env1_in_f1m   env1_in_f1w   env1_out_acc  env1_out_f1m  env1_out_f1w  env2_in_acc   env2_in_f1m   env2_in_f1w   env2_out_acc  env2_out_f1m  env2_out_f1w  env3_in_acc   env3_in_f1m   env3_in_f1w   env3_out_acc  env3_out_f1m  env3_out_f1w  epoch         loss          mem_gb        step          step_time    
0.1706484642  0.1080023324  0.1744296006  0.1857923497  0.1190807853  0.1908986055  0.2994137708  0.1145897006  0.3766559732  0.2979706877  0.1138957898  0.3761843549  0.2968750000  0.1363162659  0.2699651168  0.2958333333  0.1365494241  0.2786620519  0.4183381089  0.1380791991  0.3713177296  0.4626436782  0.1561336861  0.4062322724  0.0000000000  11.728838920  22.054702758  0             3.1423416138 
0.7754266212  0.6100197190  0.7781530254  0.7800546448  0.6409660131  0.7820354551  0.7119303289  0.3499596744  0.6614297009  0.7126268320  0.3412090977  0.6619393353  0.2895833333  0.2482333998  0.2508090054  0.2458333333  0.2204831695  0.2259709397  0.5071633238  0.4444767901  0.5242304140  0.5258620690  0.4326472078  0.5468286877  6.6666666667  8.5537567949  23.261893272  200           1.2103831267 
0.7979522184  0.6598580591  0.8044753404  0.7855191257  0.6488366996  0.7889837913  0.6900453764  0.3587744506  0.6721559229  0.6962795941  0.3556111595  0.6780443861  0.4281250000  0.3684544041  0.4599415249  0.3791666667  0.3213608336  0.4307678090  0.5666189112  0.4580744039  0.5894500475  0.5373563218  0.4444671412  0.5681741696  13.333333333  8.3040785599  23.261893272  400           1.2074870968 
0.7716723549  0.6333196102  0.7814171254  0.7732240437  0.6473920652  0.7787888117  0.5562131845  0.3347343021  0.5884229105  0.5606538895  0.3320803063  0.5934202590  0.3656250000  0.3224762727  0.3551636192  0.3000000000  0.2713677157  0.3054293849  0.5214899713  0.5136203004  0.5490459362  0.4913793103  0.4779002711  0.5245032963  20.000000000  8.2218670678  23.261893272  600           1.2080621457 
0.8051194539  0.6836978500  0.8140137932  0.7691256831  0.6406660535  0.7760661888  0.5830444463  0.3802855136  0.6167402503  0.5887260428  0.3781721863  0.6223224832  0.4343750000  0.3713324088  0.4636247055  0.4333333333  0.3714152687  0.4744241435  0.5114613181  0.5487212878  0.5347195437  0.4252873563  0.4580888221  0.4706057629  26.666666666  8.1657434988  23.261893272  800           1.2079040885 
0.7733788396  0.6657732588  0.7900144394  0.7418032787  0.6217854119  0.7549473079  0.4837800513  0.3692843439  0.5347529420  0.4801578354  0.3557354040  0.5311591441  0.3729166667  0.3146708879  0.3157333090  0.3583333333  0.2967752113  0.3139944016  0.4111747851  0.5096343256  0.3913423965  0.3333333333  0.3980866457  0.3366137457  33.333333333  8.1536777639  23.261893272  1000          1.2122184968 
0.8645051195  0.7425495320  0.8626125366  0.8114754098  0.6434042618  0.8042961479  0.7224007215  0.3789985258  0.6923849793  0.7220405862  0.3756075991  0.6926661438  0.5083333333  0.3846106184  0.5300534974  0.4791666667  0.3716336075  0.5202196890  0.6575931232  0.6600417437  0.6773190063  0.5603448276  0.5128150002  0.5926885485  40.000000000  8.0745518684  23.261893272  1200          1.2153721023 
0.8368600683  0.7354908970  0.8445048521  0.7800546448  0.6596293991  0.7852562193  0.5271835630  0.3574810823  0.5796007128  0.5325253664  0.3579487103  0.5851645404  0.5666666667  0.4514529429  0.6097124817  0.5666666667  0.4450884932  0.6143764375  0.5573065903  0.5440148792  0.5863380630  0.4109195402  0.4062702193  0.4555343074  46.666666666  8.0046892023  23.261893272  1400          1.2104537940 
0.8689419795  0.7747799422  0.8734706205  0.8128415301  0.6925832677  0.8162754414  0.7096051408  0.3628165663  0.6834922690  0.7129086809  0.3639693147  0.6884419158  0.4552083333  0.3435511591  0.4904272314  0.4083333333  0.3159155154  0.4593974092  0.7113180516  0.7166194730  0.7333994607  0.5258620690  0.4748410526  0.5536741017  53.333333333  7.9865645909  23.261893272  1600          1.2113066566 
0.8549488055  0.7610227437  0.8605728138  0.7991803279  0.6756157857  0.8047068675  0.6670048758  0.3771783814  0.6684237003  0.6715896280  0.3751307836  0.6736159363  0.6197916667  0.4337563088  0.6217640604  0.6458333333  0.4640951568  0.6599058949  0.7822349570  0.7015636138  0.7808901162  0.5890804598  0.4413725490  0.5878535610  60.000000000  7.9201706171  23.261893272  1800          1.2114883828 
0.8703071672  0.7788383742  0.8718283317  0.7732240437  0.6163088464  0.7755669714  0.6232631549  0.4188236698  0.6537420458  0.6266629087  0.4118340656  0.6572893674  0.4187500000  0.3540943942  0.4379066677  0.4416666667  0.3735991990  0.4839906276  0.6575931232  0.7123343950  0.6781987357  0.5028735632  0.4799824134  0.5478170857  66.666666666  7.8549995136  23.261893272  2000          1.2118846762 
0.8911262799  0.8135097712  0.8951641547  0.7991803279  0.6506422640  0.7993965412  0.7294749302  0.4203581503  0.7035703272  0.7272266065  0.4182143671  0.7034705756  0.6114583333  0.4448763934  0.6230437310  0.6416666667  0.4661826698  0.6529478923  0.8216332378  0.7944189097  0.8290787824  0.5718390805  0.4912700715  0.5921788117  73.333333333  7.8058687520  23.261893272  2200          1.2120959985 
0.9061433447  0.8441298118  0.9105840052  0.8005464481  0.6772895638  0.8075153122  0.6992897607  0.3386723312  0.6733936781  0.6988726043  0.3313227319  0.6727238357  0.6447916667  0.4802453571  0.6615537722  0.6875000000  0.5087221347  0.7057614748  0.8366762178  0.7524904353  0.8434199581  0.5977011494  0.4724235185  0.6093721579  80.000000000  7.7644586086  23.261893272  2400          1.2125377333 
0.9341296928  0.8927465912  0.9349724391  0.8114754098  0.6845743276  0.8120314359  0.6715425157  0.4341816980  0.6823548115  0.6718714769  0.4286135500  0.6831124725  0.6156250000  0.4577300854  0.6330116035  0.6333333333  0.4734995902  0.6614329516  0.8230659026  0.8333859396  0.8334968747  0.5000000000  0.5005455600  0.5427960771  86.666666666  7.7086643100  23.261893272  2600          1.2106004512 
0.9279863481  0.8761308286  0.9292648227  0.7923497268  0.6375890749  0.7941097331  0.6736845072  0.4393013598  0.6871285157  0.6666290868  0.4180195065  0.6806522466  0.5864583333  0.4388951556  0.6080630298  0.5958333333  0.4386029216  0.6192146211  0.8653295129  0.8805713774  0.8710005647  0.5316091954  0.5019340523  0.5663865156  93.333333333  7.6871785545  23.261893272  2800          1.2130478394 
0.8914675768  0.8617572623  0.8979711286  0.7459016393  0.6548542530  0.7664324542  0.3123502720  0.3413478724  0.3685393920  0.3107666291  0.3359494050  0.3682691881  0.4270833333  0.3497926710  0.4368218377  0.4250000000  0.3491759174  0.4497160718  0.6454154728  0.7675699887  0.6516676522  0.3448275862  0.4214877607  0.3790846715  100.00000000  7.6339898872  23.261893272  3000          1.2129177654 
0.9204778157  0.8641225551  0.9231003221  0.8169398907  0.7012513930  0.8184078017  0.7491192469  0.4348297202  0.7160559173  0.7467305524  0.4235843114  0.7140664658  0.6562500000  0.4735853694  0.6581600352  0.6833333333  0.4976850497  0.6914734494  0.9204871060  0.8951799536  0.9224975216  0.5948275862  0.5067307582  0.6120156706  106.66666666  7.6253709626  23.261893272  3200          1.2118644345 
0.9535836177  0.9111510772  0.9530489538  0.8265027322  0.6743420826  0.8197181468  0.7409035822  0.4080547173  0.7066691047  0.7401916573  0.3952251567  0.7063080027  0.6395833333  0.4577563163  0.6425539372  0.6750000000  0.4888766789  0.6757320920  0.9527220630  0.9470636896  0.9531854013  0.6551724138  0.5301423716  0.6394787278  113.33333333  7.5802160668  23.261893272  3400          1.2137658405 
0.9399317406  0.9015238740  0.9415246803  0.7991803279  0.6557069948  0.7995611559  0.7452862095  0.4665562744  0.7234602569  0.7375986471  0.4390676000  0.7166748669  0.5885416667  0.4285158094  0.6029601425  0.6083333333  0.4409811280  0.6271874606  0.8832378223  0.8969323215  0.8889711315  0.5201149425  0.4823757999  0.5646044970  120.00000000  7.6035056281  23.261893272  3600          1.2125157607 
0.9566552901  0.9260025789  0.9573217611  0.8183060109  0.6923374809  0.8186411240  0.7317155661  0.3851337237  0.6951714421  0.7316234498  0.3741483461  0.6952603588  0.6406250000  0.4523411740  0.6374632960  0.6666666667  0.4693433536  0.6697919418  0.9333810888  0.9387192507  0.9333444450  0.6408045977  0.5343778444  0.6341346712  126.66666666  7.5688479805  23.261893272  3800          1.2122630823 
0.9641638225  0.9342239440  0.9640091916  0.8319672131  0.7037342570  0.8296910559  0.7452862095  0.4066308826  0.7110796110  0.7434047351  0.3940353035  0.7109482896  0.6510416667  0.4580912193  0.6419275310  0.6583333333  0.4630493353  0.6575799098  0.9355300860  0.9330521766  0.9346707705  0.6954022989  0.5421399597  0.6704620406  133.33333333  7.5333382535  23.261893272  4000          1.2127091384 
0.9645051195  0.9355910902  0.9653062998  0.8224043716  0.6912824639  0.8240893948  0.6903976776  0.4310339332  0.6924277325  0.6886696731  0.4215269812  0.6910204106  0.6468750000  0.4668821833  0.6507448130  0.6416666667  0.4607357406  0.6511061290  0.9534383954  0.9425127544  0.9540277995  0.6436781609  0.5266435467  0.6495954304  140.00000000  7.5493865561  23.261893272  4200          1.2128020799 
0.9645051195  0.9319143284  0.9642902347  0.8169398907  0.6572959348  0.8122921004  0.7325610890  0.4569475946  0.7203800791  0.7282412627  0.4356679517  0.7165094034  0.6437500000  0.4606124249  0.6457789486  0.6708333333  0.4813432093  0.6782584573  0.9541547278  0.9416493402  0.9541647810  0.6436781609  0.5504985022  0.6408384747  146.66666666  7.5190333414  23.261893272  4400          1.2130581963 
0.9580204778  0.9320212730  0.9590437947  0.8060109290  0.6898221849  0.8120315633  0.7116907641  0.4301924106  0.7006081339  0.7094137542  0.4206600943  0.6994069154  0.6281250000  0.4625759928  0.6412574770  0.6500000000  0.4696259023  0.6703409824  0.9212034384  0.9103998006  0.9240290991  0.6091954023  0.5245580627  0.6227119352  153.33333333  7.4864600492  23.261893272  4600          1.2130966949 
0.9481228669  0.9074909540  0.9498340886  0.8142076503  0.6962640590  0.8193124467  0.6749386996  0.4265415935  0.6855127422  0.6717587373  0.4144673420  0.6826436776  0.6333333333  0.4641876873  0.6446233439  0.6541666667  0.4726394250  0.6655287792  0.9255014327  0.9312032295  0.9269049030  0.5919540230  0.5042307790  0.6140287442  160.00000000  7.4997114038  23.261893272  4800          1.2116358411 
0.9740614334  0.9509273798  0.9743594457  0.8128415301  0.6873338931  0.8157698508  0.7109157014  0.4147743674  0.6892147775  0.7033258174  0.3938443549  0.6824276022  0.6489583333  0.4727027255  0.6571580768  0.6583333333  0.4715988690  0.6705896686  0.9613180516  0.9371549207  0.9618283775  0.6321839080  0.5464428801  0.6381985640  166.66666666  7.5002221823  23.261893272  5000          1.2132485175 
